release,mtime,release_size_bytes,num_files,max_file_size_bytes,avg_file_size_bytes,num_folders,num_source_folders,max_source_folder_size_num_files,avg_source_folder_size_num_files,avg_source_folder_size_bytes,max_tree_level,max_num_files_level,avg_num_files_level,max_num_folders_level,avg_num_folders_level,growth_size_bytes,growth_size_bytes_pct,growth_num_files,growth_num_files_pct,growth_num_source_folders,growth_num_source_folders_pct,growth_avg_source_folder_size_num_files_pct,growth_avg_source_folder_size_bytes,growth_avg_source_folder_size_bytes_pct,growth_max_tree_level,growth_max_tree_level_pct,growth_max_num_files_level,growth_max_num_files_level_pct,growth_avg_num_files_level_pct,growth_tree_width_pct
0.4,2011-03-30 01:05:50,291638,15,152484,19442.53,3,3,12.0,5.0,97213.0,3,12,5.0,1,1.0,,,,,,,,,,,,,,,
0.5,2011-06-27 06:38:00,294816,15,152484,19654.4,3,3,12.0,5.0,98272.0,3,12,5.0,1,1.0,3178.0,1.09,0.0,0.0,0.0,0.0,0.0,1059.0,1.09,0.0,0.0,0.0,0.0,0.0,0.0
0.6,2011-08-07 01:18:26,313549,16,152484,19596.81,3,3,13.0,5.33,104516.0,3,13,5.33,1,1.0,18733.0,6.35,1.0,6.67,0.0,0.0,6.6,6244.0,6.35,0.0,0.0,1.0,8.33,6.6,6.6
0.7,2012-02-27 09:51:52,352621,22,152484,16028.23,4,4,12.0,5.5,88155.0,3,12,7.33,2,1.33,39072.0,12.46,6.0,37.5,1.0,33.33,3.19,-16361.0,-15.65,0.0,0.0,-1.0,-7.69,37.52,37.52
0.8,2012-04-09 06:45:42,434213,32,152484,13569.16,6,6,13.0,5.33,72369.0,5,13,6.4,2,1.2,81592.0,23.14,10.0,45.45,2.0,50.0,-3.09,-15786.0,-17.91,2.0,66.67,1.0,8.33,-12.69,-12.69
0.1,2012-04-30 00:09:16,183951,9,155429,20439.0,3,3,6.0,3.0,61317.0,3,6,3.0,1,1.0,-250262.0,-57.64,-23.0,-71.88,-3.0,-50.0,-43.71,-11052.0,-15.27,-2.0,-40.0,-7.0,-53.85,-53.12,-53.12
0.2,2012-07-29 05:53:42,43428,9,11258,4825.33,2,2,8.0,4.5,21714.0,2,8,4.5,1,1.0,-140523.0,-76.39,0.0,0.0,-1.0,-33.33,50.0,-39603.0,-64.59,-1.0,-33.33,2.0,33.33,50.0,50.0
0.2.1,2012-08-23 02:57:22,43854,9,11354,4872.67,2,2,8.0,4.5,21927.0,2,8,4.5,1,1.0,426.0,0.98,0.0,0.0,0.0,0.0,0.0,213.0,0.98,0.0,0.0,0.0,0.0,0.0,0.0
0.2.2,2012-10-31 10:26:09,47727,11,12400,4338.82,2,2,10.0,5.5,23864.0,2,10,5.5,1,1.0,3873.0,8.83,2.0,22.22,0.0,0.0,22.22,1937.0,8.83,0.0,0.0,2.0,25.0,22.22,22.22
0.3,2012-11-16 03:00:15,206749,11,155429,18795.36,3,3,8.0,3.67,68916.0,3,8,3.67,1,1.0,159022.0,333.19,0.0,0.0,1.0,50.0,-33.27,45052.0,188.79,1.0,50.0,-2.0,-20.0,-33.27,-33.27
0.8.1,2012-11-17 01:50:15,434218,32,152484,13569.31,6,6,13.0,5.33,72370.0,5,13,6.4,2,1.2,227469.0,110.02,21.0,190.91,3.0,100.0,45.23,3454.0,5.01,2.0,66.67,5.0,62.5,74.39,74.39
0.9,2013-05-15 01:25:25,494792,37,152484,13372.76,7,7,13.0,5.29,70685.0,5,16,7.4,3,1.4,60574.0,13.95,5.0,15.62,1.0,16.67,-0.75,-1685.0,-2.33,0.0,0.0,3.0,23.08,15.62,15.62
0.9.1,2013-06-16 06:23:59,495024,37,152484,13379.03,7,7,13.0,5.29,70718.0,5,16,7.4,3,1.4,232.0,0.05,0.0,0.0,0.0,0.0,0.0,33.0,0.05,0.0,0.0,0.0,0.0,0.0,0.0
0.9.2,2013-08-25 00:37:35,484791,37,152484,13102.46,7,7,13.0,5.29,69256.0,5,16,7.4,3,1.4,-10233.0,-2.07,0.0,0.0,0.0,0.0,0.0,-1462.0,-2.07,0.0,0.0,0.0,0.0,0.0,0.0
0.10,2014-01-28 03:20:10,498146,37,152484,13463.41,7,7,13.0,5.29,71164.0,5,16,7.4,3,1.4,13355.0,2.75,0.0,0.0,0.0,0.0,0.0,1908.0,2.75,0.0,0.0,0.0,0.0,0.0,0.0
0.10.1,2014-02-26 20:39:04,498348,37,152484,13468.86,7,7,13.0,5.29,71193.0,5,16,7.4,3,1.4,202.0,0.04,0.0,0.0,0.0,0.0,0.0,29.0,0.04,0.0,0.0,0.0,0.0,0.0,0.0
0.11,2014-11-11 02:00:56,618488,59,152484,10482.85,12,12,13.0,4.92,51541.0,5,31,11.8,7,2.4,120140.0,24.11,22.0,59.46,5.0,71.43,-6.99,-19652.0,-27.6,0.0,0.0,15.0,93.75,59.46,59.46
0.11.1,2014-11-15 00:52:26,619633,59,152484,10502.25,12,12,13.0,4.92,51636.0,5,31,11.8,7,2.4,1145.0,0.19,0.0,0.0,0.0,0.0,0.0,95.0,0.18,0.0,0.0,0.0,0.0,0.0,0.0
0.11.2,2014-12-29 00:45:38,639883,59,152484,10845.47,12,12,13.0,4.92,53324.0,5,31,11.8,7,2.4,20250.0,3.27,0.0,0.0,0.0,0.0,0.0,1688.0,3.27,0.0,0.0,0.0,0.0,0.0,0.0
0.11.3,2014-12-29 22:02:45,640019,59,152484,10847.78,12,12,13.0,4.92,53335.0,5,31,11.8,7,2.4,136.0,0.02,0.0,0.0,0.0,0.0,0.0,11.0,0.02,0.0,0.0,0.0,0.0,0.0,0.0
0.12,2015-05-25 03:08:32,670412,68,152484,9859.0,12,12,18.0,5.67,55868.0,5,40,13.6,7,2.4,30393.0,4.75,9.0,15.25,0.0,0.0,15.24,2533.0,4.75,0.0,0.0,9.0,29.03,15.25,15.25
0.12.1,2015-06-02 23:33:09,675078,68,152484,9927.62,12,12,18.0,5.67,56256.0,5,40,13.6,7,2.4,4666.0,0.7,0.0,0.0,0.0,0.0,0.0,388.0,0.69,0.0,0.0,0.0,0.0,0.0,0.0
0.13,2015-07-22 00:41:02,505812,67,56398,7549.43,13,13,18.0,5.15,38909.0,5,38,13.4,7,2.6,-169266.0,-25.07,-1.0,-1.47,1.0,8.33,-9.17,-17347.0,-30.84,0.0,0.0,-2.0,-5.0,-1.47,-1.47
0.13.1,2015-07-22 13:39:48,131338,19,25234,6912.53,3,3,15.0,6.33,43779.0,3,15,6.33,1,1.0,-374474.0,-74.03,-48.0,-71.64,-10.0,-76.92,22.91,4870.0,12.52,-2.0,-40.0,-23.0,-60.53,-52.76,-52.76
0.14,2015-11-06 01:52:08,514756,78,41216,6599.44,15,15,17.0,5.2,34317.0,5,41,15.6,8,3.0,383418.0,291.93,59.0,310.53,12.0,400.0,-17.85,-9462.0,-21.61,2.0,66.67,26.0,173.33,146.45,146.45
0.15,2015-12-03 18:13:24,521866,83,41216,6287.54,16,16,17.0,5.19,32617.0,5,46,16.6,9,3.2,7110.0,1.38,5.0,6.41,1.0,6.67,-0.19,-1700.0,-4.95,0.0,0.0,5.0,12.2,6.41,6.41
0.15.1,2015-12-25 16:00:50,186165,31,30585,6005.32,6,6,12.0,5.17,31028.0,4,12,7.75,2,1.5,-335701.0,-64.33,-52.0,-62.65,-10.0,-62.5,-0.39,-1589.0,-4.87,-1.0,-20.0,-34.0,-73.91,-53.31,-53.31
0.16,2016-02-14 17:04:47,542794,86,41216,6311.56,16,16,17.0,5.38,33925.0,5,48,17.2,9,3.2,356629.0,191.57,55.0,177.42,10.0,166.67,4.06,2897.0,9.34,1.0,25.0,36.0,300.0,121.94,121.94
0.17,2016-04-10 02:43:47,850807,141,41216,6034.09,25,25,17.0,5.64,34032.0,5,74,28.2,13,5.0,308013.0,56.75,55.0,63.95,9.0,56.25,4.83,107.0,0.32,0.0,0.0,26.0,54.17,63.95,63.95
0.17.1,2016-04-22 05:01:41,850954,141,41216,6035.13,25,25,17.0,5.64,34038.0,5,74,28.2,13,5.0,147.0,0.02,0.0,0.0,0.0,0.0,0.0,6.0,0.02,0.0,0.0,0.0,0.0,0.0,0.0
0.18,2016-10-16 09:50:09,870527,167,34503,5212.74,26,26,17.0,6.42,33482.0,4,98,41.75,15,6.5,19573.0,2.3,26.0,18.44,1.0,4.0,13.83,-556.0,-1.63,-1.0,-20.0,24.0,32.43,48.05,48.05
0.18.1,2016-10-16 12:52:47,870530,167,34503,5212.75,26,26,17.0,6.42,33482.0,4,98,41.75,15,6.5,3.0,0.0,0.0,0.0,0.0,0.0,0.0,0.0,0.0,0.0,0.0,0.0,0.0,0.0,0.0
0.18.2,2016-10-26 07:28:23,870736,167,34503,5213.99,26,26,17.0,6.42,33490.0,4,98,41.75,15,6.5,206.0,0.02,0.0,0.0,0.0,0.0,0.0,8.0,0.02,0.0,0.0,0.0,0.0,0.0,0.0
1.0,2016-12-25 23:53:27,879295,196,34859,4486.2,28,28,22.0,7.0,31403.0,5,93,39.2,13,5.6,8559.0,0.98,29.0,17.37,2.0,7.69,9.03,-2087.0,-6.23,1.0,25.0,-5.0,-5.1,-6.11,-6.11
1.0.1,2016-12-27 19:26:28,879611,196,34859,4487.81,28,28,22.0,7.0,31415.0,5,93,39.2,13,5.6,316.0,0.04,0.0,0.0,0.0,0.0,0.0,12.0,0.04,0.0,0.0,0.0,0.0,0.0,0.0
1.0.2,2016-12-28 15:36:34,879790,196,34859,4488.72,28,28,22.0,7.0,31421.0,5,93,39.2,13,5.6,179.0,0.02,0.0,0.0,0.0,0.0,0.0,6.0,0.02,0.0,0.0,0.0,0.0,0.0,0.0
2.0.0,2017-02-21 18:55:31,966267,207,34863,4667.96,30,30,24.0,6.9,32209.0,5,95,41.4,13,6.0,86477.0,9.83,11.0,5.61,2.0,7.14,-1.43,788.0,2.51,0.0,0.0,2.0,2.15,5.61,5.61
2.0.1,2017-03-15 19:44:08,966112,207,34863,4667.21,30,30,24.0,6.9,32204.0,5,95,41.4,13,6.0,-155.0,-0.02,0.0,0.0,0.0,0.0,0.0,-5.0,-0.02,0.0,0.0,0.0,0.0,0.0,0.0
2.0.2,2017-04-28 14:21:18,966012,207,34863,4666.72,30,30,24.0,6.9,32200.0,5,95,41.4,13,6.0,-100.0,-0.01,0.0,0.0,0.0,0.0,0.0,-4.0,-0.01,0.0,0.0,0.0,0.0,0.0,0.0
3.0.0rc1,2017-12-30 22:29:49,1124459,239,30335,4704.85,33,33,32.0,7.24,34075.0,5,108,47.8,14,6.6,158447.0,16.4,32.0,15.46,3.0,10.0,4.93,1875.0,5.82,0.0,0.0,13.0,13.68,15.46,15.46
3.0.0rc2,2018-01-07 21:18:42,1077497,233,30335,4624.45,32,32,32.0,7.28,33672.0,5,108,46.6,14,6.4,-46962.0,-4.18,-6.0,-2.51,-1.0,-3.03,0.55,-403.0,-1.18,0.0,0.0,0.0,0.0,-2.51,-2.51
3.0.0,2018-02-22 13:17:33,1083488,233,30335,4650.16,32,32,32.0,7.28,33859.0,5,108,46.6,14,6.4,5991.0,0.56,0.0,0.0,0.0,0.0,0.0,187.0,0.56,0.0,0.0,0.0,0.0,0.0,0.0
3.0.1,2018-02-23 02:32:21,1083967,233,30335,4652.22,32,32,32.0,7.28,33874.0,5,108,46.6,14,6.4,479.0,0.04,0.0,0.0,0.0,0.0,0.0,15.0,0.04,0.0,0.0,0.0,0.0,0.0,0.0
3.0.2,2018-02-23 21:53:45,1083488,233,30335,4650.16,32,32,32.0,7.28,33859.0,5,108,46.6,14,6.4,-479.0,-0.04,0.0,0.0,0.0,0.0,0.0,-15.0,-0.04,0.0,0.0,0.0,0.0,0.0,0.0
3.0.3,2018-02-25 09:50:12,1084249,233,30335,4653.43,32,32,32.0,7.28,33883.0,5,108,46.6,14,6.4,761.0,0.07,0.0,0.0,0.0,0.0,0.0,24.0,0.07,0.0,0.0,0.0,0.0,0.0,0.0
3.0.4,2018-04-05 17:09:51,1081824,233,30335,4643.02,32,32,31.0,7.28,33807.0,5,107,46.6,14,6.4,-2425.0,-0.22,0.0,0.0,0.0,0.0,0.0,-76.0,-0.22,0.0,0.0,-1.0,-0.93,0.0,0.0
4.0.0,2018-05-17 00:02:16,1089159,232,30335,4694.65,32,32,31.0,7.25,34036.0,5,107,46.4,14,6.4,7335.0,0.68,-1.0,-0.43,0.0,0.0,-0.41,229.0,0.68,0.0,0.0,0.0,0.0,-0.43,-0.43
4.0.1,2018-05-17 09:39:27,1089159,232,30335,4694.65,32,32,31.0,7.25,34036.0,5,107,46.4,14,6.4,0.0,0.0,0.0,0.0,0.0,0.0,0.0,0.0,0.0,0.0,0.0,0.0,0.0,0.0,0.0
4.0.3,2018-06-16 06:20:37,1099784,233,30335,4720.1,32,32,31.0,7.28,34368.0,5,108,46.6,14,6.4,10625.0,0.98,1.0,0.43,0.0,0.0,0.41,332.0,0.98,0.0,0.0,1.0,0.93,0.43,0.43
4.0.4,2018-07-31 14:01:45,1100459,233,30335,4723.0,32,32,31.0,7.28,34389.0,5,108,46.6,14,6.4,675.0,0.06,0.0,0.0,0.0,0.0,0.0,21.0,0.06,0.0,0.0,0.0,0.0,0.0,0.0
5.0.0,2019-12-16 02:32:30,1195426,238,33665,5022.8,33,33,33.0,7.21,36225.0,5,112,47.6,14,6.6,94967.0,8.63,5.0,2.15,1.0,3.12,-0.96,1836.0,5.34,0.0,0.0,4.0,3.7,2.15,2.15
5.0.1,2019-12-27 18:12:09,1195695,239,33665,5002.91,33,33,33.0,7.24,36233.0,5,113,47.8,14,6.6,269.0,0.02,1.0,0.42,0.0,0.0,0.42,8.0,0.02,0.0,0.0,1.0,0.89,0.42,0.42
5.1.0,2020-04-13 09:46:45,1198285,240,33665,4992.85,33,33,33.0,7.27,36312.0,5,114,48.0,14,6.6,2590.0,0.22,1.0,0.42,0.0,0.0,0.41,79.0,0.22,0.0,0.0,1.0,0.88,0.42,0.42
5.1.1,2020-04-13 13:09:23,1198285,240,33665,4992.85,33,33,33.0,7.27,36312.0,5,114,48.0,14,6.6,0.0,0.0,0.0,0.0,0.0,0.0,0.0,0.0,0.0,0.0,0.0,0.0,0.0,0.0,0.0
5.2,2020-07-18 22:05:03,1238957,245,33665,5056.97,33,33,35.0,7.42,37544.0,5,119,49.0,14,6.6,40672.0,3.39,5.0,2.08,0.0,0.0,2.06,1232.0,3.39,0.0,0.0,5.0,4.39,2.08,2.08
5.3.0,2020-11-01 15:46:05,1227907,241,33665,5095.05,33,33,35.0,7.3,37209.0,5,115,48.2,14,6.6,-11050.0,-0.89,-4.0,-1.63,0.0,0.0,-1.62,-335.0,-0.89,0.0,0.0,-4.0,-3.36,-1.63,-1.63
6.0.0,2020-12-13 00:18:01,1237682,235,37727,5266.73,31,31,35.0,7.58,39925.0,5,115,47.0,14,6.2,9775.0,0.8,-6.0,-2.49,-2.0,-6.06,3.84,2716.0,7.3,0.0,0.0,0.0,0.0,-2.49,-2.49
6.0.1,2020-12-13 19:53:28,1237753,235,37727,5267.03,31,31,35.0,7.58,39928.0,5,115,47.0,14,6.2,71.0,0.01,0.0,0.0,0.0,0.0,0.0,3.0,0.01,0.0,0.0,0.0,0.0,0.0,0.0
6.0.2,2020-12-15 17:41:27,1237861,235,37727,5267.49,31,31,35.0,7.58,39931.0,5,115,47.0,14,6.2,108.0,0.01,0.0,0.0,0.0,0.0,0.0,3.0,0.01,0.0,0.0,0.0,0.0,0.0,0.0
7.0.0,2021-07-16 10:24:38,1218759,215,55734,5668.65,28,28,36.0,7.68,43527.0,5,103,43.0,12,5.6,-19102.0,-1.54,-20.0,-8.51,-3.0,-9.68,1.32,3596.0,9.01,0.0,0.0,-12.0,-10.43,-8.51,-8.51
7.0.1,2021-08-03 17:17:14,1222648,215,55734,5686.73,28,28,36.0,7.68,43666.0,5,103,43.0,12,5.6,3889.0,0.32,0.0,0.0,0.0,0.0,0.0,139.0,0.32,0.0,0.0,0.0,0.0,0.0,0.0
7.0.2,2021-08-04 15:01:35,1222648,215,55734,5686.73,28,28,36.0,7.68,43666.0,5,103,43.0,12,5.6,0.0,0.0,0.0,0.0,0.0,0.0,0.0,0.0,0.0,0.0,0.0,0.0,0.0,0.0,0.0
7.0.3,2021-09-16 11:19:42,1227467,215,55734,5709.15,28,28,36.0,7.68,43838.0,5,103,43.0,12,5.6,4819.0,0.39,0.0,0.0,0.0,0.0,0.0,172.0,0.39,0.0,0.0,0.0,0.0,0.0,0.0
7.0.4,2021-09-28 18:43:29,1228044,215,55734,5711.83,28,28,36.0,7.68,43859.0,5,103,43.0,12,5.6,577.0,0.05,0.0,0.0,0.0,0.0,0.0,21.0,0.05,0.0,0.0,0.0,0.0,0.0,0.0
8.0.0,2022-03-19 17:20:32,1315749,221,55734,5953.62,30,30,37.0,7.37,43858.0,5,106,44.2,12,6.0,87705.0,7.14,6.0,2.79,2.0,7.14,-4.04,-1.0,-0.0,0.0,0.0,3.0,2.91,2.79,2.79
8.1.0,2022-05-15 16:26:52,1396953,232,55795,6021.35,31,31,39.0,7.48,45063.0,5,109,46.4,12,6.2,81204.0,6.17,11.0,4.98,1.0,3.33,1.49,1205.0,2.75,0.0,0.0,3.0,2.83,4.98,4.98
