release,mtime,release_size_bytes,num_files,max_file_size_bytes,avg_file_size_bytes,num_folders,num_source_folders,max_source_folder_size_num_files,avg_source_folder_size_num_files,avg_source_folder_size_bytes,max_tree_level,max_num_files_level,avg_num_files_level,max_num_folders_level,avg_num_folders_level,growth_size_bytes,growth_size_bytes_pct,growth_num_files,growth_num_files_pct,growth_num_source_folders,growth_num_source_folders_pct,growth_avg_source_folder_size_num_files_pct,growth_avg_source_folder_size_bytes,growth_avg_source_folder_size_bytes_pct,growth_max_tree_level,growth_max_tree_level_pct,growth_max_num_files_level,growth_max_num_files_level_pct,growth_avg_num_files_level_pct,growth_tree_width_pct
1.03,2007-03-07 21:03:40,4308739,453,108893,9511.57,14,12,73.0,37.75,359062.0,3,453.0,453.0,12,4.67,,,,,,,,,,,,,,,
1.04,2007-05-17 02:48:27,4337143,459,110289,9449.11,14,13,73.0,35.31,333626.0,2,459.0,459.0,13,7.0,28404.0,0.66,6.0,1.32,1.0,8.33,-6.46,-25436.0,-7.08,-1.0,-33.33,6.0,1.32,1.32,1.32
1.04b,2007-05-17 19:55:12,4337143,459,110289,9449.11,14,13,73.0,35.31,333626.0,2,459.0,459.0,13,7.0,0.0,0.0,0.0,0.0,0.0,0.0,0.0,0.0,0.0,0.0,0.0,0.0,0.0,0.0,0.0
2.00,2007-07-19 17:38:37,4474354,471,114148,9499.69,14,14,73.0,33.64,319597.0,2,467.0,235.5,13,7.0,137211.0,3.16,12.0,2.61,1.0,7.69,-4.73,-14029.0,-4.21,0.0,0.0,8.0,1.74,-48.69,-48.69
2.01,2007-08-30 20:32:18,4496974,473,114148,9507.34,14,14,73.0,33.79,321212.0,2,469.0,236.5,13,7.0,22620.0,0.51,2.0,0.42,0.0,0.0,0.45,1615.0,0.51,0.0,0.0,2.0,0.43,0.42,0.42
2.02,2008-04-22 16:49:14,4497559,477,119168,9428.84,15,15,73.0,31.8,299837.0,2,473.0,238.5,14,7.5,585.0,0.01,4.0,0.85,1.0,7.14,-5.89,-21375.0,-6.65,0.0,0.0,4.0,0.85,0.85,0.85
2.03,2008-04-22 19:34:42,4497611,477,119168,9428.95,15,15,73.0,31.8,299841.0,2,473.0,238.5,14,7.5,52.0,0.0,0.0,0.0,0.0,0.0,0.0,4.0,0.0,0.0,0.0,0.0,0.0,0.0,0.0
2.04,2009-07-01 00:25:57,4505824,481,115048,9367.62,20,17,73.0,28.29,265048.0,6,464.0,120.25,14,3.33,8213.0,0.18,4.0,0.84,2.0,13.33,-11.04,-34793.0,-11.6,4.0,200.0,-9.0,-1.9,-49.58,-49.58
3.00,2010-10-01 05:54:40,5841425,550,181191,10620.77,23,19,74.0,28.95,307443.0,6,495.0,110.0,14,3.83,1335601.0,29.64,69.0,14.35,2.0,11.76,2.33,42395.0,16.0,0.0,0.0,31.0,6.68,-8.52,-8.52
3.01,2011-10-22 07:28:44,6165730,594,196277,10380.02,30,23,73.0,25.83,268075.0,6,510.0,118.8,17,5.0,324305.0,5.55,44.0,8.0,4.0,21.05,-10.78,-39368.0,-12.8,0.0,0.0,15.0,3.03,8.0,8.0
3.02.02,2012-10-25 22:15:11,6470796,602,108001,10748.83,37,32,82.0,18.81,202212.0,6,564.0,150.5,17,6.17,305066.0,4.95,8.0,1.35,9.0,39.13,-27.18,-65863.0,-24.57,0.0,0.0,54.0,10.59,26.68,26.68
3.03-rc1,2014-02-05 01:53:56,8555852,617,1409683,13866.86,41,35,81.0,17.63,244453.0,6,569.0,154.25,18,6.83,2085056.0,32.22,15.0,2.49,3.0,9.38,-6.27,42241.0,20.89,0.0,0.0,5.0,0.89,2.49,2.49
3.04-rc1,2014-08-16 21:02:41,8630750,617,1409683,13988.25,41,35,83.0,17.63,246593.0,6,571.0,154.25,18,6.83,74898.0,0.88,0.0,0.0,0.0,0.0,0.0,2140.0,0.88,0.0,0.0,2.0,0.35,0.0,0.0
3.04.00,2015-07-11 09:53:12,8717674,592,1444515,14725.8,27,22,83.0,26.91,396258.0,6,562.0,148.0,17,4.5,86924.0,1.01,-25.0,-4.05,-13.0,-37.14,52.64,149665.0,60.69,0.0,0.0,-9.0,-1.58,-4.05,-4.05
3.05.00dev,2015-07-21 22:46:52,8694595,592,1444515,14686.82,27,22,83.0,26.91,395209.0,6,562.0,148.0,17,4.5,-23079.0,-0.26,0.0,0.0,0.0,0.0,0.0,-1049.0,-0.26,0.0,0.0,0.0,0.0,0.0,0.0
3.04.01dev,2015-07-21 22:48:35,8694595,592,1444515,14686.82,27,22,83.0,26.91,395209.0,6,562.0,148.0,17,4.5,0.0,0.0,0.0,0.0,0.0,0.0,0.0,0.0,0.0,0.0,0.0,0.0,0.0,0.0,0.0
3.04.01,2016-02-16 22:27:01,8691956,591,1444515,14707.2,27,22,83.0,26.86,395089.0,6,561.0,147.75,17,4.5,-2639.0,-0.03,-1.0,-0.17,0.0,0.0,-0.19,-120.0,-0.03,0.0,0.0,-1.0,-0.18,-0.17,-0.17
3.05.00,2017-02-16 18:59:48,8711194,587,1444515,14840.19,27,22,83.0,26.68,395963.0,6,557.0,146.75,17,4.5,19238.0,0.22,-4.0,-0.68,0.0,0.0,-0.67,874.0,0.22,0.0,0.0,-4.0,-0.71,-0.68,-0.68
3.05.01,2017-06-01 20:06:24,8674616,587,1444515,14777.88,27,22,83.0,26.68,394301.0,6,557.0,146.75,17,4.5,-36578.0,-0.42,0.0,0.0,0.0,0.0,0.0,-1662.0,-0.42,0.0,0.0,0.0,0.0,0.0,0.0
3.05.02,2018-06-19 09:24:09,8661142,585,1444515,14805.37,27,22,83.0,26.59,393688.0,6,557.0,146.25,17,4.5,-13474.0,-0.16,-2.0,-0.34,0.0,0.0,-0.34,-613.0,-0.16,0.0,0.0,0.0,0.0,-0.34,-0.34
4.0.0,2018-10-29 09:53:12,8796519,554,1444515,15878.19,25,19,81.0,29.16,462975.0,6,538.0,138.5,16,4.17,135377.0,1.56,-31.0,-5.3,-3.0,-13.64,9.67,69287.0,17.6,0.0,0.0,-19.0,-3.41,-5.3,-5.3
4.1.0-rc1,2019-02-17 20:53:05,8865031,558,1444515,15887.15,24,19,81.0,29.37,466581.0,6,543.0,111.6,16,4.0,68512.0,0.78,4.0,0.72,0.0,0.0,0.72,3606.0,0.78,0.0,0.0,5.0,0.93,-19.42,-19.42
4.1.0-rc2,2019-05-01 10:58:56,8917700,555,1444515,16067.93,24,19,81.0,29.21,469353.0,6,540.0,111.0,16,4.0,52669.0,0.59,-3.0,-0.54,0.0,0.0,-0.54,2772.0,0.59,0.0,0.0,-3.0,-0.55,-0.54,-0.54
4.1.0-rc3,2019-06-16 21:11:07,8708154,556,1444486,15662.15,24,19,81.0,29.26,458324.0,6,541.0,111.2,16,4.0,-209546.0,-2.35,1.0,0.18,0.0,0.0,0.17,-11029.0,-2.35,0.0,0.0,1.0,0.19,0.18,0.18
4.1.0-rc4,2019-06-18 09:48:36,8705680,556,1444486,15657.7,24,19,81.0,29.26,458194.0,6,541.0,111.2,16,4.0,-2474.0,-0.03,0.0,0.0,0.0,0.0,0.0,-130.0,-0.03,0.0,0.0,0.0,0.0,0.0,0.0
4.1.0,2019-07-07 14:34:08,8577032,556,1444486,15426.32,24,19,81.0,29.26,451423.0,6,541.0,111.2,16,4.0,-128648.0,-1.48,0.0,0.0,0.0,0.0,0.0,-6771.0,-1.48,0.0,0.0,0.0,0.0,0.0,0.0
4.1.1-rc1,2019-11-01 15:35:29,7374839,544,286149,13556.69,24,19,80.0,28.63,388149.0,6,529.0,108.8,16,4.0,-1202193.0,-14.02,-12.0,-2.16,0.0,0.0,-2.15,-63274.0,-14.02,0.0,0.0,-12.0,-2.22,-2.16,-2.16
4.1.1-rc2,2019-11-11 22:26:31,7577618,547,286149,13853.05,24,19,79.0,28.79,398822.0,6,532.0,109.4,16,4.0,202779.0,2.75,3.0,0.55,0.0,0.0,0.56,10673.0,2.75,0.0,0.0,3.0,0.57,0.55,0.55
4.1.1,2019-12-26 15:21:51,7577904,547,286149,13853.57,24,19,79.0,28.79,398837.0,6,532.0,109.4,16,4.0,286.0,0.0,0.0,0.0,0.0,0.0,0.0,15.0,0.0,0.0,0.0,0.0,0.0,0.0,0.0
5.0.0-alpha-20201224,2020-12-24 09:17:12,7537470,540,286149,13958.28,26,20,81.0,27.0,376874.0,6,525.0,108.0,17,4.33,-40434.0,-0.53,-7.0,-1.28,1.0,5.26,-6.22,-21963.0,-5.51,0.0,0.0,-7.0,-1.32,-1.28,-1.28
5.0.0-alpha-20201231,2020-12-31 19:45:10,7505149,540,286149,13898.42,27,22,79.0,24.55,341143.0,6,467.0,108.0,16,4.5,-32321.0,-0.43,0.0,0.0,2.0,10.0,-9.07,-35731.0,-9.48,0.0,0.0,-58.0,-11.05,0.0,0.0
5.0.0-alpha-20210401,2021-04-01 21:41:15,7321154,530,324162,13813.5,27,22,79.0,24.09,332780.0,6,457.0,106.0,16,4.5,-183995.0,-2.45,-10.0,-1.85,0.0,0.0,-1.87,-8363.0,-2.45,0.0,0.0,-10.0,-2.14,-1.85,-1.85
5.0.0-beta-20210815,2021-08-15 17:07:11,7258579,530,324162,13695.43,27,22,79.0,24.09,329935.0,6,457.0,106.0,16,4.5,-62575.0,-0.85,0.0,0.0,0.0,0.0,0.0,-2845.0,-0.85,0.0,0.0,0.0,0.0,0.0,0.0
5.0.0-beta-20210916,2021-09-16 06:35:29,7257720,529,324280,13719.7,27,22,79.0,24.05,329896.0,6,456.0,105.8,16,4.5,-859.0,-0.01,-1.0,-0.19,0.0,0.0,-0.17,-39.0,-0.01,0.0,0.0,-1.0,-0.22,-0.19,-0.19
5.0.0-rc1,2021-10-29 22:32:11,7261956,529,324280,13727.71,27,22,79.0,24.05,330089.0,6,456.0,105.8,16,4.5,4236.0,0.06,0.0,0.0,0.0,0.0,0.0,193.0,0.06,0.0,0.0,0.0,0.0,0.0,0.0
5.0.0-rc2,2021-11-14 20:04:23,7277353,529,324280,13756.81,27,23,79.0,23.0,316407.0,6,455.0,88.17,16,4.5,15397.0,0.21,0.0,0.0,1.0,4.55,-4.37,-13682.0,-4.14,0.0,0.0,-1.0,-0.22,-16.66,-16.66
4.1.2,2021-11-14 20:34:58,7578440,547,286149,13854.55,24,19,79.0,28.79,398865.0,6,532.0,109.4,16,4.0,301087.0,4.14,18.0,3.4,-4.0,-17.39,25.17,82458.0,26.06,0.0,0.0,77.0,16.92,24.08,24.08
4.1.3,2021-11-15 09:50:28,7578853,547,286149,13855.31,24,19,79.0,28.79,398887.0,6,532.0,109.4,16,4.0,413.0,0.01,0.0,0.0,0.0,0.0,0.0,22.0,0.01,0.0,0.0,0.0,0.0,0.0,0.0
5.0.0-rc3,2021-11-22 22:01:18,7278180,529,324280,13758.37,27,23,79.0,23.0,316443.0,6,455.0,88.17,16,4.5,-300673.0,-3.97,-18.0,-3.29,4.0,21.05,-20.11,-82444.0,-20.67,0.0,0.0,-77.0,-14.47,-19.41,-19.41
5.0.0,2021-11-30 18:48:16,7277379,529,324280,13756.86,27,23,79.0,23.0,316408.0,6,455.0,88.17,16,4.5,-801.0,-0.01,0.0,0.0,0.0,0.0,0.0,-35.0,-0.01,0.0,0.0,0.0,0.0,0.0,0.0
5.0.1,2022-01-07 13:43:52,7276557,529,324280,13755.31,27,23,79.0,23.0,316372.0,6,455.0,88.17,16,4.5,-822.0,-0.01,0.0,0.0,0.0,0.0,0.0,-36.0,-0.01,0.0,0.0,0.0,0.0,0.0,0.0
5.1.0,2022-03-01 17:25:45,7260292,528,324280,13750.55,27,23,79.0,22.96,315665.0,6,454.0,88.0,16,4.5,-16265.0,-0.22,-1.0,-0.19,0.0,0.0,-0.17,-707.0,-0.22,0.0,0.0,-1.0,-0.22,-0.19,-0.19
