release,mtime,release_size_bytes,num_files,max_file_size_bytes,avg_file_size_bytes,num_folders,num_source_folders,max_source_folder_size_num_files,avg_source_folder_size_num_files,avg_source_folder_size_bytes,max_tree_level,max_num_files_level,avg_num_files_level,max_num_folders_level,avg_num_folders_level,growth_size_bytes,growth_size_bytes_pct,growth_num_files,growth_num_files_pct,growth_num_source_folders,growth_num_source_folders_pct,growth_avg_source_folder_size_num_files_pct,growth_avg_source_folder_size_bytes,growth_avg_source_folder_size_bytes_pct,growth_max_tree_level,growth_max_tree_level_pct,growth_max_num_files_level,growth_max_num_files_level_pct,growth_avg_num_files_level_pct,growth_tree_width_pct
2.0.0-alpha1,2012-05-02 23:06:37,393225,107,26395,3675.0,10,9,35.0,11.89,43692.0,4,100.0,35.67,6,2.5,,,,,,,,,,,,,,,
2.0.0-alpha2,2012-07-02 23:01:23,533444,134,26732,3980.93,12,11,38.0,12.18,48495.0,4,108.0,44.67,6,3.0,140219.0,35.66,27.0,25.23,2.0,22.22,2.44,4803.0,10.99,0.0,0.0,8.0,8.0,25.23,25.23
2.0.0-alpha3,2012-10-27 10:52:54,678931,169,28663,4017.34,14,13,42.0,13.0,52225.0,4,139.0,56.33,7,3.5,145487.0,27.27,35.0,26.12,2.0,18.18,6.73,3730.0,7.69,0.0,0.0,31.0,28.7,26.1,26.1
2.0.0-alpha4,2013-03-29 16:31:26,696872,175,29542,3982.13,14,13,46.0,13.46,53606.0,4,145.0,58.33,7,3.5,17941.0,2.64,6.0,3.55,0.0,0.0,3.54,1381.0,2.64,0.0,0.0,6.0,4.32,3.55,3.55
2.0.0-alpha5,2013-12-20 12:41:45,739670,181,31222,4086.57,14,13,48.0,13.92,56898.0,4,149.0,60.33,7,3.5,42798.0,6.14,6.0,3.43,0.0,0.0,3.42,3292.0,6.14,0.0,0.0,4.0,2.76,3.43,3.43
2.0.0-alpha6,2014-04-12 15:29:20,804155,189,34008,4254.79,14,13,52.0,14.54,61858.0,4,157.0,63.0,7,3.5,64485.0,8.72,8.0,4.42,0.0,0.0,4.45,4960.0,8.72,0.0,0.0,8.0,5.37,4.43,4.43
2.0.0-beta1,2015-07-19 00:41:35,899567,205,34008,4388.13,14,13,57.0,15.77,69197.0,4,173.0,68.33,7,3.5,95412.0,11.86,16.0,8.47,0.0,0.0,8.46,7339.0,11.86,0.0,0.0,16.0,10.19,8.46,8.46
2.0.0-beta2,2015-09-06 23:41:29,905748,205,34008,4418.28,14,13,57.0,15.77,69673.0,4,173.0,68.33,7,3.5,6181.0,0.69,0.0,0.0,0.0,0.0,0.0,476.0,0.69,0.0,0.0,0.0,0.0,0.0,0.0
2.0.0,2015-12-06 22:19:05,912809,205,34008,4452.73,14,13,57.0,15.77,70216.0,4,173.0,68.33,7,3.5,7061.0,0.78,0.0,0.0,0.0,0.0,0.0,543.0,0.78,0.0,0.0,0.0,0.0,0.0,0.0
2.0.1,2016-01-31 20:00:44,926335,209,34008,4432.22,14,13,57.0,16.08,71257.0,4,177.0,69.67,7,3.5,13526.0,1.48,4.0,1.95,0.0,0.0,1.97,1041.0,1.48,0.0,0.0,4.0,2.31,1.96,1.96
2.0.2,2016-02-02 01:22:48,926887,209,34008,4434.87,14,13,57.0,16.08,71299.0,4,177.0,69.67,7,3.5,552.0,0.06,0.0,0.0,0.0,0.0,0.0,42.0,0.06,0.0,0.0,0.0,0.0,0.0,0.0
2.0.3,2016-09-04 17:57:47,930141,209,34008,4450.44,14,13,57.0,16.08,71549.0,4,177.0,69.67,7,3.5,3254.0,0.35,0.0,0.0,0.0,0.0,0.0,250.0,0.35,0.0,0.0,0.0,0.0,0.0,0.0
2.1.0,2017-01-22 20:16:34,5191979,223,4154169,23282.42,17,16,60.0,13.94,324499.0,4,188.0,74.33,9,4.25,4261838.0,458.19,14.0,6.7,3.0,23.08,-13.31,252950.0,353.53,0.0,0.0,11.0,6.21,6.69,6.69
2.1.1,2017-02-07 01:04:48,5198360,223,4154169,23311.03,17,16,60.0,13.94,324898.0,4,188.0,74.33,9,4.25,6381.0,0.12,0.0,0.0,0.0,0.0,0.0,399.0,0.12,0.0,0.0,0.0,0.0,0.0,0.0
2.1.2,2017-02-17 16:21:39,5315353,233,4154169,22812.67,19,18,60.0,12.94,295297.0,5,188.0,58.25,9,3.8,116993.0,2.25,10.0,4.48,2.0,12.5,-7.17,-29601.0,-9.11,1.0,25.0,0.0,0.0,-21.63,-21.63
2.1.3,2017-03-02 21:56:54,5315453,233,4154169,22813.1,19,18,60.0,12.94,295303.0,5,188.0,58.25,9,3.8,100.0,0.0,0.0,0.0,0.0,0.0,0.0,6.0,0.0,0.0,0.0,0.0,0.0,0.0,0.0
2.1.4,2017-04-09 16:20:52,5315522,233,4154169,22813.4,19,18,60.0,12.94,295307.0,5,188.0,58.25,9,3.8,69.0,0.0,0.0,0.0,0.0,0.0,0.0,4.0,0.0,0.0,0.0,0.0,0.0,0.0,0.0
2.2.0,2017-06-25 23:52:43,5539288,285,4154169,19436.1,22,21,70.0,13.57,263776.0,5,234.0,71.25,11,4.4,223766.0,4.21,52.0,22.32,3.0,16.67,4.87,-31531.0,-10.68,0.0,0.0,46.0,24.47,22.32,22.32
2.2.1,2017-10-01 17:01:17,5544662,285,4154169,19454.95,22,21,70.0,13.57,264032.0,5,234.0,71.25,11,4.4,5374.0,0.1,0.0,0.0,0.0,0.0,0.0,256.0,0.1,0.0,0.0,0.0,0.0,0.0,0.0
2.2.2,2017-10-22 00:28:08,5556310,285,4154169,19495.82,22,21,70.0,13.57,264586.0,5,234.0,71.25,11,4.4,11648.0,0.21,0.0,0.0,0.0,0.0,0.0,554.0,0.21,0.0,0.0,0.0,0.0,0.0,0.0
2.2.3,2017-12-12 03:01:14,5557583,285,4154169,19500.29,22,21,70.0,13.57,264647.0,5,234.0,71.25,11,4.4,1273.0,0.02,0.0,0.0,0.0,0.0,0.0,61.0,0.02,0.0,0.0,0.0,0.0,0.0,0.0
2.2.4,2017-12-13 18:58:56,5557583,285,4154169,19500.29,22,21,70.0,13.57,264647.0,5,234.0,71.25,11,4.4,0.0,0.0,0.0,0.0,0.0,0.0,0.0,0.0,0.0,0.0,0.0,0.0,0.0,0.0,0.0
2.3.0-beta1,2018-02-22 03:59:42,6073541,379,4177724,16025.17,28,27,76.0,14.04,224946.0,5,312.0,94.75,14,5.6,515958.0,9.28,94.0,32.98,6.0,28.57,3.46,-39701.0,-15.0,0.0,0.0,78.0,33.33,32.98,32.98
2.3.0,2018-02-27 22:38:05,6075569,379,4177724,16030.53,28,27,76.0,14.04,225021.0,5,312.0,94.75,14,5.6,2028.0,0.03,0.0,0.0,0.0,0.0,0.0,75.0,0.03,0.0,0.0,0.0,0.0,0.0,0.0
2.3.1,2018-03-06 22:54:58,6081060,379,4177724,16045.01,28,27,76.0,14.04,225224.0,5,312.0,94.75,14,5.6,5491.0,0.09,0.0,0.0,0.0,0.0,0.0,203.0,0.09,0.0,0.0,0.0,0.0,0.0,0.0
2.3.2,2018-05-08 05:20:10,6091339,380,4177724,16029.84,28,27,76.0,14.07,225605.0,5,313.0,95.0,14,5.6,10279.0,0.17,1.0,0.26,0.0,0.0,0.21,381.0,0.17,0.0,0.0,1.0,0.32,0.26,0.26
2.3.3,2018-05-09 19:25:19,6091353,380,4177724,16029.88,28,27,76.0,14.07,225606.0,5,313.0,95.0,14,5.6,14.0,0.0,0.0,0.0,0.0,0.0,0.0,1.0,0.0,0.0,0.0,0.0,0.0,0.0,0.0
2.3.4,2018-08-22 17:25:04,6095151,380,4177724,16039.87,28,27,76.0,14.07,225746.0,5,313.0,95.0,14,5.6,3798.0,0.06,0.0,0.0,0.0,0.0,0.0,140.0,0.06,0.0,0.0,0.0,0.0,0.0,0.0
2.4.0-beta1,2019-01-31 04:26:33,6287527,430,4177724,14622.16,36,35,75.0,12.29,179644.0,4,321.0,143.33,17,9.0,192376.0,3.16,50.0,13.16,8.0,29.63,-12.65,-46102.0,-20.42,-1.0,-20.0,8.0,2.56,50.87,50.87
2.4.0-beta2,2019-02-18 17:21:02,6300013,430,4177724,14651.19,36,35,75.0,12.29,180000.0,4,321.0,143.33,17,9.0,12486.0,0.2,0.0,0.0,0.0,0.0,0.0,356.0,0.2,0.0,0.0,0.0,0.0,0.0,0.0
2.4.0,2019-03-19 23:59:14,6314904,430,4177724,14685.82,36,35,75.0,12.29,180426.0,4,321.0,143.33,17,9.0,14891.0,0.24,0.0,0.0,0.0,0.0,0.0,426.0,0.24,0.0,0.0,0.0,0.0,0.0,0.0
2.4.1,2019-04-13 00:12:12,6329841,430,4177724,14720.56,36,35,75.0,12.29,180853.0,4,321.0,143.33,17,9.0,14937.0,0.24,0.0,0.0,0.0,0.0,0.0,427.0,0.24,0.0,0.0,0.0,0.0,0.0,0.0
2.4.2,2019-05-31 22:03:47,6342433,431,4177724,14715.62,36,35,76.0,12.31,181212.0,4,322.0,143.67,17,9.0,12592.0,0.2,1.0,0.23,0.0,0.0,0.16,359.0,0.2,0.0,0.0,1.0,0.31,0.24,0.24
2.4.3,2019-06-12 01:08:03,6342998,431,4177724,14716.93,36,35,76.0,12.31,181229.0,4,322.0,143.67,17,9.0,565.0,0.01,0.0,0.0,0.0,0.0,0.0,17.0,0.01,0.0,0.0,0.0,0.0,0.0,0.0
2.5.0,2019-10-26 21:34:32,6741720,527,4177724,12792.64,41,40,82.0,13.18,168543.0,5,377.0,131.75,19,8.2,398722.0,6.29,96.0,22.27,5.0,14.29,7.07,-12686.0,-7.0,1.0,25.0,55.0,17.08,-8.3,-8.3
2.5.1,2019-11-11 20:53:43,6746036,526,4177724,12825.16,41,40,82.0,13.15,168651.0,5,377.0,131.5,19,8.2,4316.0,0.06,-1.0,-0.19,0.0,0.0,-0.23,108.0,0.06,0.0,0.0,0.0,0.0,-0.19,-0.19
2.5.2,2020-01-04 15:09:38,6772462,530,4177724,12778.23,41,40,82.0,13.25,169312.0,5,379.0,132.5,19,8.2,26426.0,0.39,4.0,0.76,0.0,0.0,0.76,661.0,0.39,0.0,0.0,2.0,0.53,0.76,0.76
2.5.3,2020-01-19 21:43:19,6774693,530,4177724,12782.44,41,40,82.0,13.25,169367.0,5,379.0,132.5,19,8.2,2231.0,0.03,0.0,0.0,0.0,0.0,0.0,55.0,0.03,0.0,0.0,0.0,0.0,0.0,0.0
2.5.4,2020-04-09 18:24:20,6774801,530,4177724,12782.64,41,40,82.0,13.25,169370.0,5,379.0,132.5,19,8.2,108.0,0.0,0.0,0.0,0.0,0.0,0.0,3.0,0.0,0.0,0.0,0.0,0.0,0.0,0.0
2.6.0-beta1,2020-06-08 03:53:35,7186476,565,4177724,12719.43,49,48,86.0,11.77,149718.0,5,385.0,141.25,21,9.8,411675.0,6.08,35.0,6.6,8.0,20.0,-11.17,-19652.0,-11.6,0.0,0.0,6.0,1.58,6.6,6.6
2.6.0,2020-07-07 03:13:28,7190209,565,4177724,12726.03,49,48,86.0,11.77,149796.0,5,385.0,141.25,21,9.8,3733.0,0.05,0.0,0.0,0.0,0.0,0.0,78.0,0.05,0.0,0.0,0.0,0.0,0.0,0.0
2.6.1,2020-08-19 22:49:36,7197895,565,4177724,12739.64,49,48,86.0,11.77,149956.0,5,385.0,141.25,21,9.8,7686.0,0.11,0.0,0.0,0.0,0.0,0.0,160.0,0.11,0.0,0.0,0.0,0.0,0.0,0.0
2.6.2,2020-10-21 22:47:02,7196584,563,4177724,12782.56,49,48,86.0,11.73,149929.0,5,383.0,140.75,21,9.8,-1311.0,-0.02,-2.0,-0.35,0.0,0.0,-0.34,-27.0,-0.02,0.0,0.0,-2.0,-0.52,-0.35,-0.35
2.6.3,2021-01-12 17:49:19,7207463,563,4177724,12801.89,49,48,86.0,11.73,150155.0,5,383.0,140.75,21,9.8,10879.0,0.15,0.0,0.0,0.0,0.0,0.0,226.0,0.15,0.0,0.0,0.0,0.0,0.0,0.0
2.6.4,2021-01-31 22:37:23,7212002,563,4177724,12809.95,49,48,86.0,11.73,150250.0,5,383.0,140.75,21,9.8,4539.0,0.06,0.0,0.0,0.0,0.0,0.0,95.0,0.06,0.0,0.0,0.0,0.0,0.0,0.0
2.6.5,2021-06-08 05:18:37,7224013,565,4177724,12785.86,49,48,86.0,11.77,150500.0,5,383.0,141.25,21,9.8,12011.0,0.17,2.0,0.36,0.0,0.0,0.34,250.0,0.17,0.0,0.0,0.0,0.0,0.36,0.36
2.6.6,2021-06-12 04:13:52,7223822,565,4177724,12785.53,49,48,86.0,11.77,150496.0,5,383.0,141.25,21,9.8,-191.0,-0.0,0.0,0.0,0.0,0.0,0.0,-4.0,-0.0,0.0,0.0,0.0,0.0,0.0,0.0
2.7.0-beta1,2022-02-27 23:12:43,7508781,587,4177724,12791.79,52,50,88.0,11.74,150176.0,5,381.0,146.75,23,10.4,284959.0,3.94,22.0,3.89,2.0,4.17,-0.25,-320.0,-0.21,0.0,0.0,-2.0,-0.52,3.89,3.89
2.7.0,2022-03-21 23:47:20,7514296,585,4177724,12844.95,52,50,86.0,11.7,150286.0,5,379.0,146.25,23,10.4,5515.0,0.07,-2.0,-0.34,0.0,0.0,-0.34,110.0,0.07,0.0,0.0,-2.0,-0.52,-0.34,-0.34
2.7.1,2022-04-06 05:12:34,7515050,583,4177724,12890.31,52,50,84.0,11.66,150301.0,5,377.0,145.75,23,10.4,754.0,0.01,-2.0,-0.34,0.0,0.0,-0.34,15.0,0.01,0.0,0.0,-2.0,-0.53,-0.34,-0.34
