release,mtime,release_size_bytes,num_files,max_file_size_bytes,avg_file_size_bytes,num_folders,num_source_folders,max_source_folder_size_num_files,avg_source_folder_size_num_files,avg_source_folder_size_bytes,max_tree_level,max_num_files_level,avg_num_files_level,max_num_folders_level,avg_num_folders_level,growth_size_bytes,growth_size_bytes_pct,growth_num_files,growth_num_files_pct,growth_num_source_folders,growth_num_source_folders_pct,growth_avg_source_folder_size_num_files_pct,growth_avg_source_folder_size_bytes,growth_avg_source_folder_size_bytes_pct,growth_max_tree_level,growth_max_tree_level_pct,growth_max_num_files_level,growth_max_num_files_level_pct,growth_avg_num_files_level_pct,growth_tree_width_pct
1.0.0,2016-05-25 15:37:22,504957,127,31213,3976.04,126,24,16.0,5.29,21040.0,12,46.0,18.14,18,10.5,,,,,,,,,,,,,,,
1.1.0,2016-06-01 15:11:18,507081,126,31432,4024.45,126,24,16.0,5.25,21128.0,12,46.0,18.0,18,10.5,2124.0,0.42,-1.0,-0.79,0.0,0.0,-0.76,88.0,0.42,0.0,0.0,0.0,0.0,-0.77,-0.77
1.1.4,2016-06-04 04:49:10,507178,126,31432,4025.22,126,24,16.0,5.25,21132.0,12,46.0,18.0,18,10.5,97.0,0.02,0.0,0.0,0.0,0.0,0.0,4.0,0.02,0.0,0.0,0.0,0.0,0.0,0.0
1.1.5,2016-06-21 13:27:24,507588,126,31432,4028.48,126,24,16.0,5.25,21150.0,12,46.0,18.0,18,10.5,410.0,0.08,0.0,0.0,0.0,0.0,0.0,18.0,0.09,0.0,0.0,0.0,0.0,0.0,0.0
1.2.1,2016-06-29 06:53:42,513821,127,31432,4045.83,133,25,16.0,5.08,20553.0,12,46.0,18.14,19,11.08,6233.0,1.23,1.0,0.79,1.0,4.17,-3.24,-597.0,-2.82,0.0,0.0,0.0,0.0,0.78,0.78
1.3.0,2016-07-10 03:38:04,534205,135,27151,3957.07,133,25,19.0,5.4,21368.0,12,46.0,19.29,19,11.08,20384.0,3.97,8.0,6.3,0.0,0.0,6.3,815.0,3.97,0.0,0.0,0.0,0.0,6.34,6.34
1.4.0,2016-07-13 06:53:12,539858,136,27151,3969.54,133,25,19.0,5.44,21594.0,12,46.0,19.43,19,11.08,5653.0,1.06,1.0,0.74,0.0,0.0,0.74,226.0,1.06,0.0,0.0,0.0,0.0,0.73,0.73
1.5.0,2016-07-21 12:37:19,551747,138,26315,3998.17,133,25,19.0,5.52,22070.0,12,46.0,19.71,19,11.08,11889.0,2.2,2.0,1.47,0.0,0.0,1.47,476.0,2.2,0.0,0.0,0.0,0.0,1.44,1.44
1.6.0,2016-07-31 22:22:17,551968,138,26315,3999.77,133,25,19.0,5.52,22079.0,12,46.0,19.71,19,11.08,221.0,0.04,0.0,0.0,0.0,0.0,0.0,9.0,0.04,0.0,0.0,0.0,0.0,0.0,0.0
1.7.0,2016-08-18 15:01:42,568821,141,26315,4034.19,133,25,19.0,5.64,22753.0,12,48.0,20.14,19,11.08,16853.0,3.05,3.0,2.17,0.0,0.0,2.17,674.0,3.05,0.0,0.0,2.0,4.35,2.18,2.18
1.8.0,2016-08-31 01:39:22,578284,141,26315,4101.3,133,25,19.0,5.64,23131.0,12,48.0,20.14,19,11.08,9463.0,1.66,0.0,0.0,0.0,0.0,0.0,378.0,1.66,0.0,0.0,0.0,0.0,0.0,0.0
1.10.0,2016-09-10 02:57:56,654000,152,24740,4302.63,149,28,19.0,5.43,23357.0,12,48.0,21.71,21,12.42,75716.0,13.09,11.0,7.8,3.0,12.0,-3.72,226.0,0.98,0.0,0.0,0.0,0.0,7.8,7.8
1.11.0,2016-09-12 13:18:58,656037,152,24740,4316.03,149,28,19.0,5.43,23430.0,12,48.0,21.71,21,12.42,2037.0,0.31,0.0,0.0,0.0,0.0,0.0,73.0,0.31,0.0,0.0,0.0,0.0,0.0,0.0
1.13.0,2016-10-04 18:42:22,727117,167,25119,4353.99,177,33,19.0,5.06,22034.0,12,49.0,23.86,24,14.75,71080.0,10.83,15.0,9.87,5.0,17.86,-6.81,-1396.0,-5.96,0.0,0.0,1.0,2.08,9.9,9.9
1.14.4,2016-11-05 11:06:46,739219,169,25794,4374.08,177,33,19.0,5.12,22401.0,12,50.0,24.14,24,14.75,12102.0,1.66,2.0,1.2,0.0,0.0,1.19,367.0,1.67,0.0,0.0,1.0,2.04,1.17,1.17
1.15.0,2016-11-12 09:16:12,758186,171,25794,4433.84,177,33,19.0,5.18,22975.0,12,51.0,24.43,24,14.75,18967.0,2.57,2.0,1.18,0.0,0.0,1.17,574.0,2.56,0.0,0.0,1.0,2.0,1.2,1.2
1.16.0,2016-11-16 00:56:55,762948,171,26211,4461.68,177,33,19.0,5.18,23120.0,12,51.0,24.43,24,14.75,4762.0,0.63,0.0,0.0,0.0,0.0,0.0,145.0,0.63,0.0,0.0,0.0,0.0,0.0,0.0
1.18.0,2016-12-19 10:18:47,767341,172,27450,4461.28,177,33,19.0,5.21,23253.0,12,51.0,24.57,24,14.75,4393.0,0.58,1.0,0.58,0.0,0.0,0.58,133.0,0.58,0.0,0.0,0.0,0.0,0.57,0.57
1.19.0,2017-01-02 16:37:47,767435,171,27457,4487.92,177,33,19.0,5.18,23256.0,12,51.0,24.43,24,14.75,94.0,0.01,-1.0,-0.58,0.0,0.0,-0.58,3.0,0.01,0.0,0.0,0.0,0.0,-0.57,-0.57
1.20.0,2017-02-02 03:51:42,829634,183,27445,4533.52,179,34,19.0,5.38,24401.0,12,51.0,26.14,24,14.92,62199.0,8.1,12.0,7.02,1.0,3.03,3.86,1145.0,4.92,0.0,0.0,0.0,0.0,7.0,7.0
1.22.0,2017-04-04 09:47:46,772595,172,27445,4491.83,164,32,19.0,5.38,24144.0,12,49.0,24.57,22,13.67,-57039.0,-6.88,-11.0,-6.01,-2.0,-5.88,0.0,-257.0,-1.05,0.0,0.0,-2.0,-3.92,-6.01,-6.01
1.23.2,2017-04-22 07:04:41,779709,172,27445,4533.19,164,32,19.0,5.38,24366.0,12,49.0,24.57,22,13.67,7114.0,0.92,0.0,0.0,0.0,0.0,0.0,222.0,0.92,0.0,0.0,0.0,0.0,0.0,0.0
1.24.0,2017-05-04 04:04:24,786946,173,26616,4548.82,164,32,20.0,5.41,24592.0,12,50.0,24.71,22,13.67,7237.0,0.93,1.0,0.58,0.0,0.0,0.56,226.0,0.93,0.0,0.0,1.0,2.04,0.57,0.57
1.25.0,2017-05-16 11:40:57,788264,173,26616,4556.44,164,32,20.0,5.41,24633.0,12,50.0,24.71,22,13.67,1318.0,0.17,0.0,0.0,0.0,0.0,0.0,41.0,0.17,0.0,0.0,0.0,0.0,0.0,0.0
1.26.0,2017-05-17 11:29:33,805545,177,26616,4551.1,179,34,20.0,5.21,23692.0,12,50.0,25.29,24,14.92,17281.0,2.19,4.0,2.31,2.0,6.25,-3.7,-941.0,-3.82,0.0,0.0,0.0,0.0,2.35,2.35
1.27.0,2017-06-29 22:03:53,809395,177,26755,4572.85,179,34,20.0,5.21,23806.0,12,50.0,25.29,24,14.92,3850.0,0.48,0.0,0.0,0.0,0.0,0.0,114.0,0.48,0.0,0.0,0.0,0.0,0.0,0.0
1.28.0,2017-07-06 03:51:20,815046,177,26755,4604.78,179,34,20.0,5.21,23972.0,12,50.0,25.29,24,14.92,5651.0,0.7,0.0,0.0,0.0,0.0,0.0,166.0,0.7,0.0,0.0,0.0,0.0,0.0,0.0
1.29.2,2017-08-06 16:58:03,903707,187,27541,4832.66,179,35,23.0,5.34,25820.0,12,53.0,26.71,24,14.92,88661.0,10.88,10.0,5.65,1.0,2.94,2.5,1848.0,7.71,0.0,0.0,3.0,6.0,5.61,5.61
1.30.3,2017-08-14 08:36:21,915644,190,27541,4819.18,179,35,25.0,5.43,26161.0,12,55.0,27.14,24,14.92,11937.0,1.32,3.0,1.6,0.0,0.0,1.69,341.0,1.32,0.0,0.0,2.0,3.77,1.61,1.61
2.0.0,2017-09-12 13:56:02,1080450,257,26013,4204.09,192,39,29.0,6.59,27704.0,12,87.0,36.71,28,16.0,164806.0,18.0,67.0,35.26,4.0,11.43,21.36,1543.0,5.9,0.0,0.0,32.0,58.18,35.26,35.26
2.1.0,2017-10-02 06:52:15,1095049,262,26013,4179.58,207,41,29.0,6.39,26709.0,12,87.0,37.43,30,17.25,14599.0,1.35,5.0,1.95,2.0,5.13,-3.03,-995.0,-3.59,0.0,0.0,0.0,0.0,1.96,1.96
2.2.0,2017-10-10 17:01:21,1095478,262,25955,4181.21,207,41,29.0,6.39,26719.0,12,87.0,37.43,30,17.25,429.0,0.04,0.0,0.0,0.0,0.0,0.0,10.0,0.04,0.0,0.0,0.0,0.0,0.0,0.0
2.3.1,2017-11-14 14:43:28,1098635,239,25958,4596.8,208,41,29.0,5.83,26796.0,12,82.0,34.14,30,17.33,3157.0,0.29,-23.0,-8.78,0.0,0.0,-8.76,77.0,0.29,0.0,0.0,-5.0,-5.75,-8.79,-8.79
2.4.1,2017-12-12 06:42:54,1119986,240,26705,4666.61,208,41,29.0,5.85,27317.0,12,83.0,34.29,30,17.33,21351.0,1.94,1.0,0.42,0.0,0.0,0.34,521.0,1.94,0.0,0.0,1.0,1.22,0.44,0.44
2.4.2,2017-12-19 16:23:31,1121899,240,26705,4674.58,208,41,29.0,5.85,27363.0,12,83.0,34.29,30,17.33,1913.0,0.17,0.0,0.0,0.0,0.0,0.0,46.0,0.17,0.0,0.0,0.0,0.0,0.0,0.0
2.4.3,2018-01-05 07:07:58,1122795,240,26705,4678.31,208,41,29.0,5.85,27385.0,12,83.0,34.29,30,17.33,896.0,0.08,0.0,0.0,0.0,0.0,0.0,22.0,0.08,0.0,0.0,0.0,0.0,0.0,0.0
2.4.4,2018-01-23 10:24:40,1139248,240,26705,4746.87,208,41,29.0,5.85,27787.0,12,83.0,34.29,30,17.33,16453.0,1.47,0.0,0.0,0.0,0.0,0.0,402.0,1.47,0.0,0.0,0.0,0.0,0.0,0.0
2.4.5,2018-01-23 13:51:31,1139268,240,26705,4746.95,208,41,29.0,5.85,27787.0,12,83.0,34.29,30,17.33,20.0,0.0,0.0,0.0,0.0,0.0,0.0,0.0,0.0,0.0,0.0,0.0,0.0,0.0,0.0
2.5.0,2018-02-22 13:42:11,1150559,242,26705,4754.38,209,42,29.0,5.76,27394.0,12,83.0,34.57,30,17.42,11291.0,0.99,2.0,0.83,1.0,2.44,-1.54,-393.0,-1.41,0.0,0.0,0.0,0.0,0.82,0.82
2.6.1,2018-03-20 10:11:47,1154364,242,26705,4770.1,209,42,29.0,5.76,27485.0,12,83.0,34.57,30,17.42,3805.0,0.33,0.0,0.0,0.0,0.0,0.0,91.0,0.33,0.0,0.0,0.0,0.0,0.0,0.0
2.7.1,2018-04-07 10:42:26,1132558,239,26705,4738.74,199,38,29.0,6.29,29804.0,12,74.0,34.14,29,16.58,-21806.0,-1.89,-3.0,-1.24,-4.0,-9.52,9.2,2319.0,8.44,0.0,0.0,-9.0,-10.84,-1.24,-1.24
2.8.3,2018-05-01 12:07:32,1182100,245,26739,4824.9,199,38,30.0,6.45,31108.0,12,79.0,35.0,29,16.58,49542.0,4.37,6.0,2.51,0.0,0.0,2.54,1304.0,4.38,0.0,0.0,5.0,6.76,2.52,2.52
2.9.4,2018-06-15 06:54:46,1267075,268,26738,4727.89,184,37,31.0,7.24,34245.0,13,96.0,33.5,28,14.15,84975.0,7.19,23.0,9.39,-1.0,-2.63,12.25,3137.0,10.08,1.0,8.33,17.0,21.52,-4.29,-4.29
2.10.1,2018-07-06 05:09:32,1262450,267,26738,4728.28,184,37,31.0,7.22,34120.0,13,96.0,33.38,28,14.15,-4625.0,-0.37,-1.0,-0.37,0.0,0.0,-0.28,-125.0,-0.37,0.0,0.0,0.0,0.0,-0.36,-0.36
2.11.0,2018-08-03 11:01:52,947246,207,24357,4576.07,177,33,30.0,6.27,28704.0,13,76.0,25.88,26,13.62,-315204.0,-24.97,-60.0,-22.47,-4.0,-10.81,-13.16,-5416.0,-15.87,0.0,0.0,-20.0,-20.83,-22.47,-22.47
2.11.1,2018-08-05 08:40:41,947383,207,24357,4576.73,177,33,30.0,6.27,28709.0,13,76.0,25.88,26,13.62,137.0,0.01,0.0,0.0,0.0,0.0,0.0,5.0,0.02,0.0,0.0,0.0,0.0,0.0,0.0
2.12.3,2019-03-01 16:08:10,1012867,220,27828,4603.94,177,33,32.0,6.67,30693.0,13,80.0,27.5,26,13.62,65484.0,6.91,13.0,6.28,0.0,0.0,6.38,1984.0,6.91,0.0,0.0,4.0,5.26,6.26,6.26
2.12.4,2019-03-07 15:40:35,1005243,219,27828,4590.15,177,33,32.0,6.64,30462.0,13,80.0,27.38,26,13.62,-7624.0,-0.75,-1.0,-0.45,0.0,0.0,-0.45,-231.0,-0.75,0.0,0.0,0.0,0.0,-0.44,-0.44
2.12.6,2019-03-16 00:41:52,1003945,218,27828,4605.25,177,33,32.0,6.61,30423.0,13,80.0,27.25,26,13.62,-1298.0,-0.13,-1.0,-0.46,0.0,0.0,-0.45,-39.0,-0.13,0.0,0.0,0.0,0.0,-0.47,-0.47
2.13.0,2019-05-01 07:50:09,1206489,241,35325,5006.18,129,36,36.0,6.69,33514.0,13,69.0,30.12,19,9.92,202544.0,20.17,23.0,10.55,3.0,9.09,1.21,3091.0,10.16,0.0,0.0,-11.0,-13.75,10.53,10.53
2.14.2,2019-06-14 11:06:28,1244809,245,37680,5080.85,108,36,36.0,6.81,34578.0,13,67.0,30.62,18,8.31,38320.0,3.18,4.0,1.66,0.0,0.0,1.79,1064.0,3.17,0.0,0.0,-2.0,-2.9,1.66,1.66
2.15.0,2019-07-04 12:28:56,1262701,250,37680,5050.8,116,38,36.0,6.58,33229.0,13,67.0,31.25,20,8.92,17892.0,1.44,5.0,2.04,2.0,5.56,-3.38,-1349.0,-3.9,0.0,0.0,0.0,0.0,2.06,2.06
2.16.2,2019-08-24 16:47:54,1310583,259,37680,5060.17,116,38,36.0,6.82,34489.0,13,75.0,32.38,20,8.92,47882.0,3.79,9.0,3.6,0.0,0.0,3.65,1260.0,3.79,0.0,0.0,8.0,11.94,3.62,3.62
2.17.0,2019-09-24 06:27:44,1324383,265,37680,4997.67,118,40,36.0,6.62,33110.0,13,80.0,33.12,22,9.08,13800.0,1.05,6.0,2.32,2.0,5.26,-2.93,-1379.0,-4.0,0.0,0.0,5.0,6.67,2.29,2.29
2.18.3,2019-10-21 07:32:30,1336748,268,37680,4987.87,118,40,36.0,6.7,33419.0,13,78.0,33.5,22,9.08,12365.0,0.93,3.0,1.13,0.0,0.0,1.21,309.0,0.93,0.0,0.0,-2.0,-2.5,1.15,1.15
2.19.1,2019-10-31 17:32:58,1338006,268,37680,4992.56,118,40,36.0,6.7,33450.0,13,78.0,33.5,22,9.08,1258.0,0.09,0.0,0.0,0.0,0.0,0.0,31.0,0.09,0.0,0.0,0.0,0.0,0.0,0.0
2.19.2,2019-11-19 05:26:57,1339224,268,37680,4997.1,118,40,36.0,6.7,33481.0,13,78.0,33.5,22,9.08,1218.0,0.09,0.0,0.0,0.0,0.0,0.0,31.0,0.09,0.0,0.0,0.0,0.0,0.0,0.0
2.20.0,2020-02-27 10:30:55,1333276,267,37680,4993.54,118,40,36.0,6.67,33332.0,13,77.0,33.38,22,9.08,-5948.0,-0.44,-1.0,-0.37,0.0,0.0,-0.45,-149.0,-0.45,0.0,0.0,-1.0,-1.28,-0.36,-0.36
2.21.1,2020-04-15 08:05:37,1342911,269,37680,4992.23,118,40,36.0,6.72,33573.0,13,79.0,33.62,22,9.08,9635.0,0.72,2.0,0.75,0.0,0.0,0.75,241.0,0.72,0.0,0.0,2.0,2.6,0.72,0.72
2.22.0,2020-10-23 06:27:59,1347754,271,37680,4973.26,118,40,32.0,6.78,33694.0,13,78.0,33.88,22,9.08,4843.0,0.36,2.0,0.74,0.0,0.0,0.89,121.0,0.36,0.0,0.0,-1.0,-1.27,0.77,0.77
2.22.1,2020-10-31 16:23:41,1347754,271,37680,4973.26,118,40,32.0,6.78,33694.0,13,78.0,33.88,22,9.08,0.0,0.0,0.0,0.0,0.0,0.0,0.0,0.0,0.0,0.0,0.0,0.0,0.0,0.0,0.0
2.23.9,2021-11-29 17:47:08,1216683,237,37680,5133.68,109,38,30.0,6.24,32018.0,13,76.0,29.62,20,8.38,-131071.0,-9.73,-34.0,-12.55,-2.0,-5.0,-7.96,-1676.0,-4.97,0.0,0.0,-2.0,-2.56,-12.57,-12.57
2.23.14,2021-12-15 01:28:06,1216683,237,37680,5133.68,109,38,30.0,6.24,32018.0,13,76.0,29.62,20,8.38,0.0,0.0,0.0,0.0,0.0,0.0,0.0,0.0,0.0,0.0,0.0,0.0,0.0,0.0,0.0
2.23.15,2021-12-19 20:37:40,1216683,237,37680,5133.68,109,38,30.0,6.24,32018.0,13,76.0,29.62,20,8.38,0.0,0.0,0.0,0.0,0.0,0.0,0.0,0.0,0.0,0.0,0.0,0.0,0.0,0.0,0.0
2.23.16,2022-01-04 01:02:58,1216683,237,37680,5133.68,109,38,30.0,6.24,32018.0,13,76.0,29.62,20,8.38,0.0,0.0,0.0,0.0,0.0,0.0,0.0,0.0,0.0,0.0,0.0,0.0,0.0,0.0,0.0
