release,mtime,release_size_bytes,num_files,max_file_size_bytes,avg_file_size_bytes,num_folders,num_source_folders,max_source_folder_size_num_files,avg_source_folder_size_num_files,avg_source_folder_size_bytes,max_tree_level,max_num_files_level,avg_num_files_level,max_num_folders_level,avg_num_folders_level,growth_size_bytes,growth_size_bytes_pct,growth_num_files,growth_num_files_pct,growth_num_source_folders,growth_num_source_folders_pct,growth_avg_source_folder_size_num_files_pct,growth_avg_source_folder_size_bytes,growth_avg_source_folder_size_bytes_pct,growth_max_tree_level,growth_max_tree_level_pct,growth_max_num_files_level,growth_max_num_files_level_pct,growth_avg_num_files_level_pct,growth_tree_width_pct
0.1.0,2015-03-26 23:05:16,1532944,406,38473,3775.72,129,69,40.0,5.88,22217.0,11,278.0,67.67,44,11.73,,,,,,,,,,,,,,,
0.2.0,2015-04-08 18:29:07,1560821,407,38473,3834.94,129,69,43.0,5.9,22621.0,11,283.0,67.83,44,11.73,27877.0,1.82,1.0,0.25,0.0,0.0,0.34,404.0,1.82,0.0,0.0,5.0,1.8,0.24,0.24
0.3.0,2015-04-16 16:05:07,1564170,403,38473,3881.32,130,70,43.0,5.76,22345.0,11,282.0,67.17,44,11.82,3349.0,0.21,-4.0,-0.98,1.0,1.45,-2.37,-276.0,-1.22,0.0,0.0,-1.0,-0.35,-0.97,-0.97
0.4.0,2015-04-23 18:41:45,1560715,404,38456,3863.16,130,71,43.0,5.69,21982.0,11,282.0,57.71,44,11.82,-3455.0,-0.22,1.0,0.25,1.0,1.43,-1.22,-363.0,-1.62,0.0,0.0,0.0,0.0,-14.08,-14.08
0.5.0,2015-05-15 11:08:12,1495612,377,38614,3967.14,112,60,44.0,6.28,24927.0,11,280.0,53.86,42,10.18,-65103.0,-4.17,-27.0,-6.68,-11.0,-15.49,10.37,2945.0,13.4,0.0,0.0,-2.0,-0.71,-6.67,-6.67
0.5.1,2015-06-04 11:06:26,1506952,378,38622,3986.65,112,60,44.0,6.3,25116.0,11,280.0,54.0,42,10.18,11340.0,0.76,1.0,0.27,0.0,0.0,0.32,189.0,0.76,0.0,0.0,0.0,0.0,0.26,0.26
0.5.2,2015-06-15 18:14:57,1503921,377,38622,3989.18,112,60,43.0,6.28,25065.0,11,279.0,53.86,42,10.18,-3031.0,-0.2,-1.0,-0.26,0.0,0.0,-0.32,-51.0,-0.2,0.0,0.0,-1.0,-0.36,-0.26,-0.26
0.5.3,2015-06-29 00:51:56,1510337,376,38622,4016.85,112,60,44.0,6.27,25172.0,11,278.0,53.71,42,10.18,6416.0,0.43,-1.0,-0.27,0.0,0.0,-0.16,107.0,0.43,0.0,0.0,-1.0,-0.36,-0.28,-0.28
0.6.0,2015-07-20 22:26:44,1540530,379,38622,4064.72,112,60,45.0,6.32,25676.0,11,278.0,54.14,42,10.18,30193.0,2.0,3.0,0.8,0.0,0.0,0.8,504.0,2.0,0.0,0.0,0.0,0.0,0.8,0.8
0.6.1,2015-08-10 15:02:48,1537249,379,38622,4056.07,112,60,45.0,6.32,25621.0,11,279.0,54.14,42,10.18,-3281.0,-0.21,0.0,0.0,0.0,0.0,0.0,-55.0,-0.21,0.0,0.0,1.0,0.36,0.0,0.0
0.7.0,2015-08-27 14:36:23,1546526,379,38622,4080.54,112,60,45.0,6.32,25775.0,11,279.0,54.14,42,10.18,9277.0,0.6,0.0,0.0,0.0,0.0,0.0,154.0,0.6,0.0,0.0,0.0,0.0,0.0,0.0
0.8.0,2015-10-19 23:55:39,1612113,392,38622,4112.53,122,63,45.0,6.22,25589.0,11,287.0,56.0,43,11.09,65587.0,4.24,13.0,3.43,3.0,5.0,-1.58,-186.0,-0.72,0.0,0.0,8.0,2.87,3.44,3.44
0.8.1,2015-10-30 15:07:11,1610767,391,38455,4119.61,122,63,45.0,6.21,25568.0,11,287.0,55.86,43,11.09,-1346.0,-0.08,-1.0,-0.26,0.0,0.0,-0.16,-21.0,-0.08,0.0,0.0,0.0,0.0,-0.25,-0.25
0.9.0,2016-01-15 12:38:40,1712395,419,38455,4086.86,148,72,46.0,5.82,23783.0,11,295.0,59.86,49,13.45,101628.0,6.31,28.0,7.16,9.0,14.29,-6.28,-1785.0,-6.98,0.0,0.0,8.0,2.79,7.16,7.16
0.10.0,2016-04-19 13:20:33,1807719,444,38430,4071.44,195,79,50.0,5.62,22883.0,11,307.0,63.43,55,17.73,95324.0,5.57,25.0,5.97,7.0,9.72,-3.44,-900.0,-3.78,0.0,0.0,12.0,4.07,5.96,5.96
0.11.0,2016-06-14 16:30:10,1844942,454,38572,4063.75,204,80,50.0,5.67,23062.0,11,312.0,64.86,56,18.55,37223.0,2.06,10.0,2.25,1.0,1.27,0.89,179.0,0.78,0.0,0.0,5.0,1.63,2.25,2.25
0.12.0,2016-07-22 12:30:03,1847323,456,38572,4051.15,204,80,50.0,5.7,23092.0,11,314.0,65.14,56,18.55,2381.0,0.13,2.0,0.44,0.0,0.0,0.53,30.0,0.13,0.0,0.0,2.0,0.64,0.43,0.43
0.13.0,2016-08-19 12:30:05,1854950,459,40869,4041.29,204,80,50.0,5.74,23187.0,11,315.0,65.57,56,18.55,7627.0,0.41,3.0,0.66,0.0,0.0,0.7,95.0,0.41,0.0,0.0,1.0,0.32,0.66,0.66
0.14.0,2016-09-23 15:45:20,1917432,464,40869,4132.4,202,79,51.0,5.87,24271.0,11,318.0,66.29,56,18.36,62482.0,3.37,5.0,1.09,-1.0,-1.25,2.26,1084.0,4.68,0.0,0.0,3.0,0.95,1.1,1.1
0.14.1,2016-09-29 22:30:05,1934830,469,40869,4125.44,204,81,51.0,5.79,23887.0,11,320.0,67.0,57,18.55,17398.0,0.91,5.0,1.08,2.0,2.53,-1.36,-384.0,-1.58,0.0,0.0,2.0,0.63,1.07,1.07
1.0,2016-12-14 19:45:00,2142439,548,42602,3909.56,234,94,57.0,5.83,22792.0,11,366.0,78.29,62,21.27,207609.0,10.73,79.0,16.84,13.0,16.05,0.69,-1095.0,-4.58,0.0,0.0,46.0,14.38,16.85,16.85
1.0.1,2017-01-19 15:00:28,2148195,548,42602,3920.06,234,94,57.0,5.83,22853.0,11,366.0,78.29,62,21.27,5756.0,0.27,0.0,0.0,0.0,0.0,0.0,61.0,0.27,0.0,0.0,0.0,0.0,0.0,0.0
1.1.0,2017-02-14 14:16:47,2151345,546,42602,3940.19,234,94,57.0,5.81,22887.0,11,364.0,78.0,62,21.27,3150.0,0.15,-2.0,-0.36,0.0,0.0,-0.34,34.0,0.15,0.0,0.0,-2.0,-0.55,-0.37,-0.37
1.2.0,2017-03-21 17:17:31,2172766,548,42602,3964.9,234,94,54.0,5.83,23115.0,11,366.0,78.29,62,21.27,21421.0,1.0,2.0,0.37,0.0,0.0,0.34,228.0,1.0,0.0,0.0,2.0,0.55,0.37,0.37
1.3.0,2017-04-20 13:08:16,2195977,553,42602,3971.03,235,95,55.0,5.82,23116.0,11,367.0,79.0,62,21.36,23211.0,1.07,5.0,0.91,1.0,1.06,-0.17,1.0,0.0,0.0,0.0,1.0,0.27,0.91,0.91
1.4.0,2017-07-14 20:23:51,2150926,536,42919,4012.92,231,95,57.0,5.64,22641.0,11,369.0,76.57,63,21.0,-45051.0,-2.05,-17.0,-3.07,0.0,0.0,-3.09,-475.0,-2.05,0.0,0.0,2.0,0.54,-3.08,-3.08
1.5.0,2017-08-10 15:20:09,2154950,535,42919,4027.94,231,95,57.0,5.63,22684.0,11,368.0,76.43,63,21.0,4024.0,0.19,-1.0,-0.19,0.0,0.0,-0.18,43.0,0.19,0.0,0.0,-1.0,-0.27,-0.18,-0.18
1.7.0,2017-12-15 18:51:22,2209961,540,43599,4092.52,231,95,57.0,5.68,23263.0,11,370.0,77.14,63,21.0,55011.0,2.55,5.0,0.93,0.0,0.0,0.89,579.0,2.55,0.0,0.0,2.0,0.54,0.93,0.93
1.7.1,2017-12-19 12:05:19,2210125,540,43599,4092.82,231,95,57.0,5.68,23264.0,11,370.0,77.14,63,21.0,164.0,0.01,0.0,0.0,0.0,0.0,0.0,1.0,0.0,0.0,0.0,0.0,0.0,0.0,0.0
1.8.0,2018-01-18 16:48:21,2210843,539,43599,4101.75,230,94,57.0,5.73,23520.0,11,369.0,77.0,62,20.91,718.0,0.03,-1.0,-0.19,-1.0,-1.05,0.88,256.0,1.1,0.0,0.0,-1.0,-0.27,-0.18,-0.18
1.8.1,2018-02-05 20:19:55,2214161,540,43599,4100.3,230,94,57.0,5.74,23555.0,11,370.0,77.14,62,20.91,3318.0,0.15,1.0,0.19,0.0,0.0,0.17,35.0,0.15,0.0,0.0,1.0,0.27,0.18,0.18
1.9.0,2018-04-11 16:17:34,2159833,544,43530,3970.28,232,96,57.0,5.67,22498.0,12,370.0,68.0,62,19.33,-54328.0,-2.45,4.0,0.74,2.0,2.13,-1.22,-1057.0,-4.49,1.0,9.09,0.0,0.0,-11.85,-11.85
1.10.0,2018-07-21 04:03:17,2183600,564,43530,3871.63,242,99,56.0,5.7,22057.0,13,377.0,62.67,64,18.62,23767.0,1.1,20.0,3.68,3.0,3.12,0.53,-441.0,-1.96,1.0,8.33,7.0,1.89,-7.84,-7.84
1.11.0,2018-10-11 17:00:15,2343181,611,43378,3834.99,259,108,56.0,5.66,21696.0,13,408.0,67.89,69,19.92,159581.0,7.31,47.0,8.33,9.0,9.09,-0.7,-361.0,-1.64,0.0,0.0,31.0,8.22,8.33,8.33
1.12.0,2019-02-01 13:29:47,2363610,619,43378,3818.43,271,112,55.0,5.53,21104.0,13,413.0,68.78,71,20.85,20429.0,0.87,8.0,1.31,4.0,3.7,-2.3,-592.0,-2.73,0.0,0.0,5.0,1.23,1.31,1.31
1.12.1,2019-02-05 21:45:49,2366195,619,43378,3822.61,271,112,55.0,5.53,21127.0,13,413.0,68.78,71,20.85,2585.0,0.11,0.0,0.0,0.0,0.0,0.0,23.0,0.11,0.0,0.0,0.0,0.0,0.0,0.0
1.13.0,2019-02-21 12:39:51,2374797,623,43378,3811.87,279,113,55.0,5.51,21016.0,13,413.0,69.22,72,21.46,8602.0,0.36,4.0,0.65,1.0,0.89,-0.36,-111.0,-0.53,0.0,0.0,0.0,0.0,0.64,0.64
2.0.0,2019-06-13 15:18:02,2531447,662,43378,3823.94,331,124,55.0,5.34,20415.0,13,417.0,73.56,78,25.46,156650.0,6.6,39.0,6.26,11.0,9.73,-3.09,-601.0,-2.86,0.0,0.0,4.0,0.97,6.27,6.27
2.1.0,2019-11-08 12:14:16,2680305,696,43206,3851.01,392,133,61.0,5.23,20153.0,13,436.0,77.33,87,30.15,148858.0,5.88,34.0,5.14,9.0,7.26,-2.06,-262.0,-1.28,0.0,0.0,19.0,4.56,5.13,5.13
2.2.0,2020-03-16 20:42:26,2798685,722,49042,3876.3,392,133,62.0,5.43,21043.0,13,441.0,80.22,88,30.15,118380.0,4.42,26.0,3.74,0.0,0.0,3.82,890.0,4.42,0.0,0.0,5.0,1.15,3.74,3.74
2.3.0,2020-07-17 04:36:04,2891107,747,49042,3870.29,403,139,64.0,5.37,20799.0,13,446.0,83.0,88,31.0,92422.0,3.3,25.0,3.46,6.0,4.51,-1.1,-244.0,-1.16,0.0,0.0,5.0,1.13,3.47,3.47
2.4.0,2021-01-21 13:16:33,3026594,763,49659,3966.7,421,141,65.0,5.41,21465.0,13,452.0,84.78,90,32.38,135487.0,4.69,16.0,2.14,2.0,1.44,0.74,666.0,3.2,0.0,0.0,6.0,1.35,2.14,2.14
2.5.0,2021-06-07 18:37:52,2978456,751,49917,3965.99,438,142,64.0,5.29,20975.0,13,455.0,83.44,93,33.69,-48138.0,-1.59,-12.0,-1.57,1.0,0.71,-2.22,-490.0,-2.28,0.0,0.0,3.0,0.66,-1.58,-1.58
2.6.0,2021-10-11 14:54:15,2995028,751,49917,3988.05,438,142,65.0,5.29,21092.0,13,456.0,83.44,93,33.69,16572.0,0.56,0.0,0.0,0.0,0.0,0.0,117.0,0.56,0.0,0.0,1.0,0.22,0.0,0.0
