release,mtime,release_size_bytes,num_files,max_file_size_bytes,avg_file_size_bytes,num_folders,num_source_folders,max_source_folder_size_num_files,avg_source_folder_size_num_files,avg_source_folder_size_bytes,max_tree_level,max_num_files_level,avg_num_files_level,max_num_folders_level,avg_num_folders_level,growth_size_bytes,growth_size_bytes_pct,growth_num_files,growth_num_files_pct,growth_num_source_folders,growth_num_source_folders_pct,growth_avg_source_folder_size_num_files_pct,growth_avg_source_folder_size_bytes,growth_avg_source_folder_size_bytes_pct,growth_max_tree_level,growth_max_tree_level_pct,growth_max_num_files_level,growth_max_num_files_level_pct,growth_avg_num_files_level_pct,growth_tree_width_pct
1.0.0,2015-03-24 01:37:41,783547,134,66789,5847.37,93,29,28.0,4.62,27019.0,13,57.0,26.8,13,7.15,,,,,,,,,,,,,,,
1.0.1,2015-03-30 21:53:56,797793,136,66789,5866.12,93,29,30.0,4.69,27510.0,13,59.0,27.2,13,7.15,14246.0,1.82,2.0,1.49,0.0,0.0,1.52,491.0,1.82,0.0,0.0,2.0,3.51,1.49,1.49
1.1.0,2015-04-18 17:55:52,804575,137,66789,5872.81,93,29,30.0,4.72,27744.0,13,60.0,27.4,13,7.15,6782.0,0.85,1.0,0.74,0.0,0.0,0.64,234.0,0.85,0.0,0.0,1.0,1.69,0.74,0.74
1.2.0,2015-05-09 06:07:12,833299,139,66789,5994.96,93,29,30.0,4.79,28734.0,13,60.0,27.8,13,7.15,28724.0,3.57,2.0,1.46,0.0,0.0,1.48,990.0,3.57,0.0,0.0,0.0,0.0,1.46,1.46
1.3.0,2015-07-13 02:11:09,839892,146,67389,5752.68,93,29,31.0,5.03,28962.0,13,62.0,29.2,13,7.15,6593.0,0.79,7.0,5.04,0.0,0.0,5.01,228.0,0.79,0.0,0.0,2.0,3.33,5.04,5.04
1.3.1,2015-07-14 07:01:47,840926,146,67389,5759.77,93,29,31.0,5.03,28997.0,13,62.0,29.2,13,7.15,1034.0,0.12,0.0,0.0,0.0,0.0,0.0,35.0,0.12,0.0,0.0,0.0,0.0,0.0,0.0
1.3.2,2015-09-03 05:37:27,1010716,169,67230,5980.57,116,41,31.0,4.12,24652.0,13,63.0,33.8,14,8.92,169790.0,20.19,23.0,15.75,12.0,41.38,-18.09,-4345.0,-14.98,0.0,0.0,1.0,1.61,15.75,15.75
1.3.3,2015-09-26 07:03:44,1011766,169,68280,5986.78,116,41,31.0,4.12,24677.0,13,63.0,33.8,14,8.92,1050.0,0.1,0.0,0.0,0.0,0.0,0.0,25.0,0.1,0.0,0.0,0.0,0.0,0.0,0.0
2.0.0,2015-11-09 07:28:38,1089866,199,90824,5476.71,97,43,32.0,4.63,25346.0,14,67.0,33.17,14,6.93,78100.0,7.72,30.0,17.75,2.0,4.88,12.38,669.0,2.71,1.0,7.69,4.0,6.35,-1.86,-1.86
2.0.1,2015-11-13 04:35:30,1090028,199,90824,5477.53,97,43,32.0,4.63,25349.0,14,67.0,33.17,14,6.93,162.0,0.01,0.0,0.0,0.0,0.0,0.0,3.0,0.01,0.0,0.0,0.0,0.0,0.0,0.0
2.0.2,2015-12-02 06:17:12,1103214,201,91516,5488.63,99,44,32.0,4.57,25073.0,14,67.0,33.5,15,7.07,13186.0,1.21,2.0,1.01,1.0,2.33,-1.3,-276.0,-1.09,0.0,0.0,0.0,0.0,0.99,0.99
2.0.3,2015-12-20 04:27:13,1117994,204,91562,5480.36,102,46,32.0,4.43,24304.0,14,67.0,34.0,18,7.29,14780.0,1.34,3.0,1.49,2.0,4.55,-3.06,-769.0,-3.07,0.0,0.0,0.0,0.0,1.49,1.49
2.1.0,2016-01-18 05:25:09,1108998,201,89881,5517.4,102,46,33.0,4.37,24109.0,14,67.0,33.5,18,7.29,-8996.0,-0.8,-3.0,-1.47,0.0,0.0,-1.35,-195.0,-0.8,0.0,0.0,0.0,0.0,-1.47,-1.47
2.2.0,2016-02-19 18:48:26,1116181,201,91424,5553.14,102,46,34.0,4.37,24265.0,14,66.0,33.5,18,7.29,7183.0,0.65,0.0,0.0,0.0,0.0,0.0,156.0,0.65,0.0,0.0,-1.0,-1.49,0.0,0.0
2.2.1,2016-02-25 06:16:57,1124482,201,98808,5594.44,102,46,34.0,4.37,24445.0,14,66.0,33.5,18,7.29,8301.0,0.74,0.0,0.0,0.0,0.0,0.0,180.0,0.74,0.0,0.0,0.0,0.0,0.0,0.0
2.2.2,2016-02-29 02:31:20,1125657,201,99813,5600.28,102,46,34.0,4.37,24471.0,14,66.0,33.5,18,7.29,1175.0,0.1,0.0,0.0,0.0,0.0,0.0,26.0,0.11,0.0,0.0,0.0,0.0,0.0,0.0
2.2.3,2016-03-23 04:12:31,1129072,201,101285,5617.27,102,46,34.0,4.37,24545.0,14,66.0,33.5,18,7.29,3415.0,0.3,0.0,0.0,0.0,0.0,0.0,74.0,0.3,0.0,0.0,0.0,0.0,0.0,0.0
2.2.4,2016-04-03 04:50:48,1131190,201,102306,5627.81,102,46,34.0,4.37,24591.0,14,66.0,33.5,18,7.29,2118.0,0.19,0.0,0.0,0.0,0.0,0.0,46.0,0.19,0.0,0.0,0.0,0.0,0.0,0.0
2.2.5,2016-04-03 11:11:42,1131221,201,102337,5627.97,102,46,34.0,4.37,24592.0,14,66.0,33.5,18,7.29,31.0,0.0,0.0,0.0,0.0,0.0,0.0,1.0,0.0,0.0,0.0,0.0,0.0,0.0,0.0
2.2.6,2016-04-03 22:13:52,1131222,201,102338,5627.97,102,46,34.0,4.37,24592.0,14,66.0,33.5,18,7.29,1.0,0.0,0.0,0.0,0.0,0.0,0.0,0.0,0.0,0.0,0.0,0.0,0.0,0.0,0.0
2.2.7,2016-04-17 20:51:00,1138978,202,104423,5638.5,102,46,34.0,4.39,24760.0,14,66.0,33.67,18,7.29,7756.0,0.69,1.0,0.5,0.0,0.0,0.46,168.0,0.68,0.0,0.0,0.0,0.0,0.51,0.51
2.3.0,2016-04-23 23:45:23,1159687,203,107363,5712.74,102,46,35.0,4.41,25211.0,14,66.0,33.83,18,7.29,20709.0,1.82,1.0,0.5,0.0,0.0,0.46,451.0,1.82,0.0,0.0,0.0,0.0,0.48,0.48
2.3.1,2016-06-13 04:41:19,1208055,214,109413,5645.12,105,49,35.0,4.37,24654.0,14,67.0,35.67,20,7.5,48368.0,4.17,11.0,5.42,3.0,6.52,-0.91,-557.0,-2.21,0.0,0.0,1.0,1.52,5.44,5.44
2.3.2,2016-08-11 11:09:31,1211675,215,109646,5635.7,106,50,35.0,4.3,24234.0,14,67.0,35.83,21,7.57,3620.0,0.3,1.0,0.47,1.0,2.04,-1.6,-420.0,-1.7,0.0,0.0,0.0,0.0,0.45,0.45
2.3.3,2016-08-27 23:39:14,1210164,215,109646,5628.67,106,50,35.0,4.3,24203.0,14,68.0,35.83,21,7.57,-1511.0,-0.12,0.0,0.0,0.0,0.0,0.0,-31.0,-0.13,0.0,0.0,1.0,1.49,0.0,0.0
2.3.4,2016-10-31 00:40:03,1225285,217,110890,5646.47,106,50,35.0,4.34,24506.0,14,69.0,36.17,21,7.57,15121.0,1.25,2.0,0.93,0.0,0.0,0.93,303.0,1.25,0.0,0.0,1.0,1.47,0.95,0.95
2.3.5,2016-11-07 03:27:38,1226792,219,110962,5601.79,107,51,35.0,4.29,24055.0,14,69.0,36.5,21,7.64,1507.0,0.12,2.0,0.92,1.0,2.0,-1.15,-451.0,-1.84,0.0,0.0,0.0,0.0,0.91,0.91
2.4.0,2017-02-19 07:51:00,1245205,224,107356,5558.95,110,54,35.0,4.15,23059.0,14,69.0,37.33,21,7.86,18413.0,1.5,5.0,2.28,3.0,5.88,-3.26,-996.0,-4.14,0.0,0.0,0.0,0.0,2.27,2.27
2.5.0,2017-05-08 07:29:02,1302248,233,115843,5589.05,111,55,37.0,4.24,23677.0,14,71.0,38.83,22,7.93,57043.0,4.58,9.0,4.02,1.0,1.85,2.17,618.0,2.68,0.0,0.0,2.0,2.9,4.02,4.02
2.5.1,2017-05-20 20:56:18,1300295,233,115614,5580.67,111,55,37.0,4.24,23642.0,14,71.0,38.83,22,7.93,-1953.0,-0.15,0.0,0.0,0.0,0.0,0.0,-35.0,-0.15,0.0,0.0,0.0,0.0,0.0,0.0
2.5.2,2017-05-29 05:34:37,1300884,233,115276,5583.19,111,55,37.0,4.24,23652.0,14,71.0,38.83,22,7.93,589.0,0.05,0.0,0.0,0.0,0.0,0.0,10.0,0.04,0.0,0.0,0.0,0.0,0.0,0.0
2.5.3,2017-07-07 21:36:29,1305097,233,115276,5601.27,111,55,37.0,4.24,23729.0,14,71.0,38.83,22,7.93,4213.0,0.32,0.0,0.0,0.0,0.0,0.0,77.0,0.33,0.0,0.0,0.0,0.0,0.0,0.0
2.5.4,2017-08-04 20:23:19,1305112,233,115165,5601.34,111,55,37.0,4.24,23729.0,14,71.0,38.83,22,7.93,15.0,0.0,0.0,0.0,0.0,0.0,0.0,0.0,0.0,0.0,0.0,0.0,0.0,0.0,0.0
2.5.5,2017-08-16 22:55:28,1305110,233,115009,5601.33,111,55,37.0,4.24,23729.0,14,71.0,38.83,22,7.93,-2.0,-0.0,0.0,0.0,0.0,0.0,0.0,0.0,0.0,0.0,0.0,0.0,0.0,0.0,0.0
2.5.6,2017-09-22 22:25:31,1305184,233,115009,5601.65,111,55,37.0,4.24,23731.0,14,71.0,38.83,22,7.93,74.0,0.01,0.0,0.0,0.0,0.0,0.0,2.0,0.01,0.0,0.0,0.0,0.0,0.0,0.0
2.6.0,2017-11-01 05:33:31,1311697,233,117284,5629.6,111,55,37.0,4.24,23849.0,14,71.0,38.83,22,7.93,6513.0,0.5,0.0,0.0,0.0,0.0,0.0,118.0,0.5,0.0,0.0,0.0,0.0,0.0,0.0
2.6.1,2017-12-28 03:01:26,1313805,233,117172,5638.65,108,55,36.0,4.24,23887.0,14,71.0,38.83,23,7.71,2108.0,0.16,0.0,0.0,0.0,0.0,0.0,38.0,0.16,0.0,0.0,0.0,0.0,0.0,0.0
2.6.2,2018-02-21 19:44:28,1337686,234,118586,5716.61,108,55,36.0,4.25,24322.0,14,71.0,39.0,23,7.71,23881.0,1.82,1.0,0.43,0.0,0.0,0.24,435.0,1.82,0.0,0.0,0.0,0.0,0.44,0.44
2.7.0,2019-02-24 05:16:39,1424152,245,132343,5812.87,121,61,38.0,4.02,23347.0,15,70.0,35.0,24,8.07,86466.0,6.46,11.0,4.7,6.0,10.91,-5.41,-975.0,-4.01,1.0,7.14,-1.0,-1.41,-10.26,-10.26
2.8.0,2019-08-05 08:26:11,1460323,250,134078,5841.29,123,62,40.0,4.03,23554.0,15,71.0,35.71,25,8.2,36171.0,2.54,5.0,2.04,1.0,1.64,0.25,207.0,0.89,0.0,0.0,1.0,1.43,2.03,2.03
2.8.1,2020-01-15 18:08:55,1492310,256,134299,5829.34,127,66,40.0,3.88,22611.0,15,71.0,36.57,28,8.47,31987.0,2.19,6.0,2.4,4.0,6.45,-3.72,-943.0,-4.0,0.0,0.0,0.0,0.0,2.41,2.41
2.8.2,2020-04-27 07:11:50,1497929,257,133471,5828.52,127,66,40.0,3.89,22696.0,15,71.0,36.71,28,8.47,5619.0,0.38,1.0,0.39,0.0,0.0,0.26,85.0,0.38,0.0,0.0,0.0,0.0,0.38,0.38
2.8.3,2020-05-18 08:57:46,1507715,262,133786,5754.64,127,66,40.0,3.97,22844.0,15,71.0,37.43,28,8.47,9786.0,0.65,5.0,1.95,0.0,0.0,2.06,148.0,0.65,0.0,0.0,0.0,0.0,1.96,1.96
2.8.4,2020-05-19 06:32:59,1507794,262,133865,5754.94,127,66,40.0,3.97,22845.0,15,71.0,37.43,28,8.47,79.0,0.01,0.0,0.0,0.0,0.0,0.0,1.0,0.0,0.0,0.0,0.0,0.0,0.0,0.0
2.8.5,2020-06-29 01:48:40,1509442,263,133873,5739.32,128,67,40.0,3.93,22529.0,15,71.0,37.57,29,8.53,1648.0,0.11,1.0,0.38,1.0,1.52,-1.01,-316.0,-1.38,0.0,0.0,0.0,0.0,0.37,0.37
2.8.6,2020-10-12 07:15:26,1546940,268,134583,5772.16,129,68,41.0,3.94,22749.0,15,71.0,38.29,29,8.6,37498.0,2.48,5.0,1.9,1.0,1.49,0.25,220.0,0.98,0.0,0.0,0.0,0.0,1.92,1.92
2.8.7,2020-12-07 06:12:33,1621787,274,134530,5918.93,133,72,41.0,3.81,22525.0,15,72.0,39.14,33,8.87,74847.0,4.84,6.0,2.24,4.0,5.88,-3.3,-224.0,-0.98,0.0,0.0,1.0,1.41,2.22,2.22
2.8.8,2020-12-08 05:44:48,1621734,274,134530,5918.74,133,72,41.0,3.81,22524.0,15,72.0,39.14,33,8.87,-53.0,-0.0,0.0,0.0,0.0,0.0,0.0,-1.0,-0.0,0.0,0.0,0.0,0.0,0.0,0.0
2.9.0,2021-02-16 06:01:47,1629052,273,136153,5967.22,134,73,41.0,3.74,22316.0,15,71.0,39.0,33,8.93,7318.0,0.45,-1.0,-0.36,1.0,1.39,-1.84,-208.0,-0.92,0.0,0.0,-1.0,-1.39,-0.36,-0.36
3.0.0,2021-02-21 22:30:29,1616839,266,139045,6078.34,133,71,40.0,3.75,22772.0,15,71.0,38.0,33,8.87,-12213.0,-0.75,-7.0,-2.56,-2.0,-2.74,0.27,456.0,2.04,0.0,0.0,0.0,0.0,-2.56,-2.56
3.0.1,2021-03-17 19:11:56,1617393,266,139585,6080.42,133,71,40.0,3.75,22780.0,15,71.0,38.0,33,8.87,554.0,0.03,0.0,0.0,0.0,0.0,0.0,8.0,0.04,0.0,0.0,0.0,0.0,0.0,0.0
2.9.1,2021-05-01 07:36:54,1630624,273,137343,5972.98,134,73,41.0,3.74,22337.0,15,71.0,39.0,33,8.93,13231.0,0.82,7.0,2.63,2.0,2.82,-0.27,-443.0,-1.94,0.0,0.0,0.0,0.0,2.63,2.63
3.0.2,2021-05-03 03:03:26,1627979,270,139751,6029.55,135,75,39.0,3.6,21706.0,15,73.0,33.75,34,9.0,-2645.0,-0.16,-3.0,-1.1,2.0,2.74,-3.74,-631.0,-2.82,0.0,0.0,2.0,2.82,-13.46,-13.46
3.0.3,2021-07-02 04:28:19,1655859,274,139926,6043.28,135,75,39.0,3.65,22078.0,15,76.0,34.25,34,9.0,27880.0,1.71,4.0,1.48,0.0,0.0,1.39,372.0,1.71,0.0,0.0,3.0,4.11,1.48,1.48
2.9.2,2021-07-02 04:50:32,1631704,273,137506,5976.94,134,73,41.0,3.74,22352.0,15,71.0,39.0,33,8.93,-24155.0,-1.46,-1.0,-0.36,-2.0,-2.67,2.47,274.0,1.24,0.0,0.0,-5.0,-6.58,13.87,13.87
3.0.4,2021-09-13 05:46:23,1662707,274,141963,6068.27,135,75,39.0,3.65,22169.0,15,76.0,34.25,34,9.0,31003.0,1.9,1.0,0.37,2.0,2.74,-2.41,-183.0,-0.82,0.0,0.0,5.0,7.04,-12.18,-12.18
2.9.3,2021-12-02 10:04:44,1633647,272,137837,6006.06,134,73,41.0,3.73,22379.0,15,71.0,38.86,33,8.93,-29060.0,-1.75,-2.0,-0.73,-2.0,-2.67,2.19,210.0,0.95,0.0,0.0,-5.0,-6.58,13.46,13.46
3.0.5,2021-12-03 00:29:43,1667759,274,142453,6086.71,136,76,39.0,3.61,21944.0,15,77.0,34.25,35,9.07,34112.0,2.09,2.0,0.74,3.0,4.11,-3.22,-435.0,-1.94,0.0,0.0,6.0,8.45,-11.86,-11.86
3.0.6,2022-03-15 08:12:41,1714166,275,151028,6233.33,136,76,40.0,3.62,22555.0,15,78.0,34.38,35,9.07,46407.0,2.78,1.0,0.36,0.0,0.0,0.28,611.0,2.78,0.0,0.0,1.0,1.3,0.38,0.38
3.1.0,2022-04-28 01:02:44,1725361,276,152236,6251.31,136,76,41.0,3.63,22702.0,15,78.0,34.5,35,9.07,11195.0,0.65,1.0,0.36,0.0,0.0,0.28,147.0,0.65,0.0,0.0,0.0,0.0,0.35,0.35
